8192,1
8192,2
8192,3
8192,4
8192,5
8192,6
8192,7
8192,8
8192,9
8192,10
8192,11
8192,12
8192,13
8192,14
8192,15
8192,16
8192,17
8192,18
8192,19
8192,20
8192,21
8192,22
8192,23
8192,24
8192,25
8192,26
8192,27
8192,28
8192,29
8192,30
8192,31
8192,32
8192,33
8192,34
8192,35
8192,36
8192,37
8192,38
8192,39
8192,40
8192,41
8192,42
8192,43
8192,44
8192,45
8192,46
8192,47
8192,48
8192,49
8192,50
8192,51
8192,52
8192,53
8192,54
8192,55
8192,56
8192,57
8192,58
8192,59
8192,60
8192,61
8192,62
8192,63
8192,64
8192,65
8192,66
8192,67
8192,68
8192,69
8192,70
8192,71
8192,72
8192,73
8192,74
8192,75
8192,76
8192,77
8192,78
8192,79
8192,80
8192,81
8192,82
8192,83
8192,84
8192,85
8192,86
8192,87
8192,88
8192,89
8192,90
8192,91
8189,92
8186,93
8187,94
8190,95
8191,96
8192,97
8191,98
8191,99
8188,100
8188,101
8188,102
8187,103
8186,104
8183,105
8183,106
8182,107
8185,108
8189,109
8189,110
8188,111
8187,112
8186,113
8185,114
8186,115
8189,116
8190,117
8191,118
8193,119
8194,120
8194,121
8193,122
8192,123
8186,124
8183,125
8184,126
8190,127
8191,128
8192,129
8192,130
8192,131
8189,132
8188,133
8188,134
8191,135
8192,136
8192,137
8192,138
8192,139
8191,140
8190,141
8190,142
8191,143
8192,144
8192,145
8192,146
8192,147
8191,148
8191,149
8192,150
8192,151
8192,152
8192,153
8192,154
8191,155
8191,156
8192,157
8192,158
8192,159
8192,160
8192,161
8192,162
8192,163
8189,164
8189,165
8189,166
8188,167
8188,168
8185,169
8179,170
8172,171
8172,172
8163,173
8156,174
8156,175
8153,176
8153,177
8159,178
8156,179
8162,180
8168,181
8175,182
8182,183
8192,184
8192,185
8184,186
8164,187
8153,188
8146,189
8143,190
8143,191
8147,192
8147,193
8148,194
8145,195
8144,196
8141,197
8126,198
8111,199
8110,200
8104,201
8104,202
8103,203
8103,204
8103,205
8103,206
8103,207
8103,208
8099,209
8078,210
8065,211
8062,212
8061,213
8067,214
8070,215
8070,216
8070,217
8079,218
8090,219
8120,220
8154,221
8183,222
8192,223
8181,224
8164,225
8164,226
8164,227
8170,228
8171,229
8162,230
8151,231
8144,232
8147,233
8141,234
8141,235
8141,236
8142,237
8136,238
8129,239
8122,240
8119,241
8118,242
8121,243
8101,244
8064,245
8019,246
7976,247
7964,248
7982,249
7995,250
7996,251
7993,252
7990,253
7997,254
7986,255
7967,256
7970,257
7967,258
7956,259
7946,260
7921,261
7897,262
7915,263
7936,264
7957,265
7990,266
8035,267
8060,268
8103,269
8136,270
8173,271
8200,272
8207,273
8200,274
8184,275
8175,276
8175,277
8178,278
8179,279
8196,280
8229,281
8297,282
8421,283
8570,284
8709,285
8855,286
8978,287
9103,288
9231,289
9340,290
9459,291
9579,292
9704,293
9835,294
9963,295
10073,296
10140,297
10154,298
10159,299
10153,300
10159,301
10171,302
10207,303
10259,304
10284,305
10339,306
10386,307
10369,308
10367,309
10366,310
10369,311
10359,312
10326,313
10280,314
10235,315
10163,316
10081,317
10023,318
10009,319
9979,320
9953,321
9961,322
9979,323
9969,324
9954,325
9961,326
9967,327
9950,328
9925,329
9896,330
9871,331
9820,332
9772,333
9717,334
9644,335
9578,336
9504,337
9425,338
9369,339
9316,340
9241,341
9140,342
9028,343
8919,344
8794,345
8630,346
8434,347
8235,348
8087,349
8003,350
7979,351
8035,352
8134,353
8266,354
8448,355
8625,356
8739,357
8778,358
8714,359
8603,360
8462,361
8305,362
8141,363
7992,364
7897,365
7851,366
7817,367
7824,368
7870,369
7927,370
7986,371
8022,372
8045,373
8048,374
8033,375
7969,376
7868,377
7743,378
7615,379
7513,380
7458,381
7451,382
7496,383
7547,384
7599,385
7677,386
7769,387
7887,388
8024,389
8149,390
8242,391
8300,392
8336,393
8376,394
8400,395
8383,396
8323,397
8271,398
8213,399
8159,400
8124,401
8115,402
8147,403
8234,404
8396,405
8622,406
8868,407
9132,408
9375,409
9510,410
9565,411
9547,412
9483,413
9385,414
9269,415
9160,416
9110,417
9104,418
9104,419
9117,420
9163,421
9208,422
9248,423
9251,424
9199,425
9079,426
8923,427
8703,428
8447,429
8179,430
7905,431
7750,432
7687,433
7687,434
7688,435
7704,436
7755,437
7791,438
7821,439
7854,440
7866,441
7873,442
7867,443
7864,444
7844,445
7783,446
7724,447
7655,448
7584,449
7546,450
7517,451
7505,452
7515,453
7518,454
7509,455
7492,456
7468,457
7441,458
7417,459
7412,460
7406,461
7413,462
7436,463
7458,464
7475,465
7479,466
7490,467
7510,468
7511,469
7508,470
7511,471
7514,472
7514,473
7505,474
7533,475
7575,476
7627,477
7699,478
7771,479
7841,480
7923,481
7998,482
8022,483
8018,484
7996,485
7963,486
7910,487
7861,488
7805,489
7742,490
7691,491
7655,492
7635,493
7645,494
7685,495
7742,496
7818,497
7899,498
7986,499
8070,500
8135,501
8171,502
8188,503
8196,504
8178,505
8156,506
8148,507
8148,508
8147,509
8150,510
8142,511
8132,512
8123,513
8118,514
8131,515
8163,516
8208,517
8237,518
8250,519
8253,520
8250,521
8234,522
8224,523
8208,524
8203,525
8212,526
8234,527
8244,528
8261,529
8291,530
8335,531
8388,532
8448,533
8510,534
8553,535
8577,536
8595,537
8598,538
8579,539
8552,540
8512,541
8472,542
8431,543
8405,544
8391,545
8400,546
8423,547
8469,548
8508,549
8542,550
8564,551
8574,552
8580,553
8580,554
8600,555
8630,556
8662,557
8698,558
8741,559
8776,560
8798,561
8819,562
8825,563
8794,564
8754,565
8715,566
8682,567
8650,568
8618,569
8588,570
8557,571
8534,572
8526,573
8552,574
8603,575
8663,576
8730,577
8799,578
8859,579
8916,580
8970,581
9036,582
9102,583
9154,584
9192,585
9224,586
9269,587
9328,588
9388,589
9449,590
9521,591
9571,592
9599,593
9620,594
9665,595
9726,596
9802,597
9876,598
9960,599
10060,600
10146,601
10185,602
10186,603
10181,604
10181,605
10181,606
10181,607
10184,608
10193,609
10200,610
10203,611
10200,612
10205,613
10202,614
10199,615
10181,616
10129,617
10050,618
9985,619
9961,620
9951,621
9937,622
9931,623
9885,624
9810,625
9711,626
9579,627
9427,628
9238,629
9026,630
8780,631
8537,632
8288,633
8056,634
7867,635
7730,636
7629,637
7547,638
7460,639
7350,640
7225,641
7069,642
6894,643
6714,644
6539,645
6368,646
6224,647
6098,648
5993,649
5911,650
5839,651
5802,652
5808,653
5803,654
5803,655
5803,656
5803,657
5803,658
5803,659
5803,660
5804,661
5804,662
5804,663
5804,664
5805,665
5805,666
5806,667
5809,668
5815,669
5821,670
5827,671
5838,672
5859,673
5907,674
5956,675
6004,676
6051,677
6113,678
6172,679
6214,680
6252,681
6290,682
6340,683
6397,684
6457,685
6516,686
6571,687
6639,688
6733,689
6814,690
6890,691
6941,692
6930,693
6847,694
6737,695
6623,696
6520,697
6481,698
6527,699
6694,700
6949,701
7238,702
7614,703
8040,704
8420,705
8682,706
8860,707
9026,708
9157,709
9197,710
9198,711
9231,712
9338,713
9472,714
9610,715
9830,716
10039,717
10186,718
10275,719
10291,720
10305,721
10309,722
10297,723
10281,724
10215,725
10030,726
9754,727
9450,728
9152,729
8850,730
8598,731
8497,732
8539,733
8668,734
8807,735
8902,736
8966,737
9010,738
9024,739
9029,740
9023,741
8969,742
8872,743
8755,744
8671,745
8630,746
8602,747
8533,748
8424,749
8259,750
8089,751
7937,752
7805,753
7672,754
7568,755
7499,756
7459,757
7426,758
7381,759
7306,760
7266,761
7260,762
7263,763
7263,764
7260,765
7308,766
7456,767
7677,768
7919,769
8105,770
8169,771
8201,772
8249,773
8338,774
8456,775
8613,776
8777,777
8940,778
9070,779
9089,780
8975,781
8739,782
8457,783
8143,784
7865,785
7661,786
7558,787
7546,788
7588,789
7631,790
7645,791
7663,792
7727,793
7801,794
7864,795
7850,796
7795,797
7721,798
7631,799
7497,800
7289,801
7036,802
6779,803
6521,804
6283,805
6078,806
5995,807
6027,808
6013,809
5921,810
5881,811
5939,812
6009,813
6054,814
6122,815
6243,816
6336,817
6349,818
6371,819
6412,820
6415,821
6415,822
6366,823
6312,824
6315,825
6430,826
6657,827
6939,828
7225,829
7485,830
7716,831
7867,832
7962,833
7997,834
7988,835
7899,836
7759,837
7592,838
7409,839
7231,840
7109,841
7040,842
7041,843
7100,844
7181,845
7283,846
7389,847
7470,848
7565,849
7651,850
7723,851
7788,852
7853,853
7923,854
8006,855
8086,856
8175,857
8288,858
8452,859
8667,860
8919,861
9176,862
9419,863
9632,864
9825,865
9987,866
10110,867
10180,868
10191,869
10134,870
10048,871
9926,872
9790,873
9645,874
9485,875
9309,876
9145,877
9026,878
8957,879
8945,880
8985,881
9041,882
9100,883
9135,884
9145,885
9135,886
9104,887
9072,888
9049,889
9030,890
9020,891
9014,892
9006,893
8971,894
8918,895
8857,896
8834,897
8820,898
8814,899
8811,900
8819,901
8836,902
8845,903
8853,904
8877,905
8900,906
8924,907
8939,908
8957,909
8978,910
9013,911
9044,912
9067,913
9086,914
9090,915
9069,916
9027,917
8972,918
8914,919
8852,920
8799,921
8754,922
8724,923
8709,924
8691,925
8669,926
8623,927
8564,928
8522,929
8479,930
8457,931
8462,932
8487,933
8520,934
8547,935
8575,936
8595,937
8598,938
8592,939
8591,940
8608,941
8649,942
8690,943
8710,944
8727,945
8751,946
8783,947
8821,948
8842,949
8839,950
8822,951
8809,952
8791,953
8781,954
8764,955
8750,956
8737,957
8737,958
8747,959
8770,960
8826,961
8876,962
8919,963
8947,964
8967,965
8983,966
9003,967
9030,968
9070,969
9120,970
9168,971
9202,972
9220,973
9212,974
9172,975
9100,976
9000,977
8880,978
8750,979
8626,980
8498,981
8365,982
8212,983
8050,984
7869,985
7663,986
7483,987
7330,988
7194,989
7068,990
6938,991
6793,992
6648,993
6512,994
6375,995
6246,996
6119,997
6001,998
5881,999
5803,1000
5812,1001
5807,1002
5810,1003
5809,1004
5809,1005
5812,1006
5854,1007
5977,1008
6188,1009
6491,1010
6866,1011
7247,1012
7622,1013
8002,1014
8356,1015
8662,1016
8952,1017
9179,1018
9341,1019
9464,1020
9536,1021
9556,1022
9549,1023
9519,1024
9482,1025
9445,1026
9407,1027
9349,1028
9264,1029
9165,1030
9039,1031
8886,1032
8689,1033
8433,1034
8126,1035
7824,1036
7518,1037
7239,1038
6972,1039
6737,1040
6539,1041
6375,1042
6225,1043
6077,1044
5959,1045
5848,1046
5805,1047
5816,1048
5811,1049
5830,1050
5841,1051
5824,1052
5810,1053
5810,1054
5817,1055
5820,1056
5809,1057
5809,1058
5808,1059
5807,1060
5810,1061
5823,1062
5859,1063
5926,1064
5981,1065
6016,1066
6025,1067
6006,1068
5977,1069
5960,1070
5954,1071
5961,1072
5962,1073
5957,1074
5923,1075
5874,1076
5817,1077
5810,1078
5816,1079
5822,1080
5877,1081
6011,1082
6279,1083
6685,1084
7162,1085
7639,1086
8118,1087
8538,1088
8870,1089
9061,1090
9209,1091
9281,1092
9293,1093
9285,1094
9354,1095
9496,1096
9624,1097
9719,1098
9793,1099
9858,1100
9895,1101
9884,1102
9803,1103
9610,1104
9247,1105
8783,1106
8393,1107
8067,1108
7863,1109
7764,1110
7799,1111
7952,1112
8165,1113
8471,1114
8857,1115
9212,1116
9486,1117
9725,1118
9813,1119
9670,1120
9350,1121
8985,1122
8620,1123
8305,1124
8083,1125
7954,1126
7880,1127
7898,1128
8051,1129
8288,1130
8562,1131
8870,1132
9175,1133
9444,1134
9627,1135
9723,1136
9770,1137
9800,1138
9715,1139
9533,1140
9340,1141
9180,1142
9133,1143
9221,1144
9327,1145
9378,1146
9374,1147
9303,1148
9265,1149
9273,1150
9291,1151
9348,1152
9482,1153
9654,1154
9842,1155
10025,1156
10209,1157
10262,1158
10257,1159
10249,1160
10247,1161
10246,1162
10237,1163
10242,1164
10249,1165
10253,1166
10253,1167
10241,1168
10197,1169
10118,1170
10017,1171
9832,1172
9515,1173
9078,1174
8594,1175
8081,1176
7572,1177
7135,1178
6817,1179
6638,1180
6566,1181
6535,1182
6588,1183
6788,1184
7063,1185
7340,1186
7628,1187
7825,1188
7931,1189
8012,1190
8122,1191
8238,1192
8311,1193
8321,1194
8306,1195
8304,1196
8346,1197
8428,1198
8515,1199
8566,1200
8562,1201
8514,1202
8472,1203
8438,1204
8377,1205
8319,1206
8300,1207
8333,1208
8403,1209
8508,1210
8640,1211
8823,1212
9003,1213
9138,1214
9215,1215
9234,1216
9216,1217
9208,1218
9233,1219
9280,1220
9343,1221
9370,1222
9343,1223
9247,1224
9069,1225
8811,1226
8526,1227
8264,1228
8018,1229
7791,1230
7591,1231
7394,1232
7211,1233
7046,1234
6923,1235
6840,1236
6860,1237
7000,1238
7223,1239
7494,1240
7798,1241
8088,1242
8354,1243
8582,1244
8756,1245
8810,1246
8706,1247
8498,1248
8236,1249
8022,1250
7918,1251
7899,1252
7934,1253
8011,1254
8099,1255
8202,1256
8289,1257
8330,1258
8335,1259
8361,1260
8377,1261
8377,1262
8396,1263
8435,1264
8458,1265
8481,1266
8503,1267
8514,1268
8523,1269
8532,1270
8532,1271
8558,1272
8572,1273
8581,1274
8585,1275
8572,1276
8548,1277
8515,1278
8468,1279
8393,1280
8349,1281
8322,1282
8317,1283
8325,1284
8297,1285
8293,1286
8302,1287
8308,1288
8305,1289
8305,1290
8317,1291
8334,1292
8343,1293
8351,1294
8354,1295
8351,1296
8339,1297
8306,1298
8246,1299
8163,1300
8090,1301
8032,1302
7994,1303
7972,1304
7940,1305
7906,1306
7884,1307
7867,1308
7865,1309
7881,1310
7912,1311
7929,1312
7928,1313
7893,1314
7858,1315
7846,1316
7840,1317
7825,1318
7803,1319
7761,1320
7711,1321
7678,1322
7673,1323
7693,1324
7742,1325
7795,1326
7828,1327
7873,1328
7913,1329
7942,1330
7932,1331
7937,1332
8053,1333
8257,1334
8444,1335
8654,1336
8907,1337
9135,1338
9297,1339
9394,1340
9487,1341
9520,1342
9454,1343
9271,1344
8997,1345
8684,1346
8341,1347
8011,1348
7703,1349
7392,1350
7126,1351
6840,1352
6540,1353
6260,1354
6016,1355
5862,1356
5817,1357
5904,1358
6023,1359
6128,1360
6250,1361
6447,1362
6736,1363
7044,1364
7356,1365
7669,1366
8045,1367
8353,1368
8608,1369
8807,1370
8935,1371
8968,1372
8837,1373
8605,1374
8322,1375
8011,1376
7740,1377
7493,1378
7314,1379
7218,1380
7266,1381
7442,1382
7656,1383
7855,1384
8001,1385
8191,1386
8411,1387
8635,1388
8793,1389
8885,1390
8936,1391
8883,1392
8720,1393
8508,1394
8282,1395
8084,1396
7949,1397
7829,1398
7721,1399
7667,1400
7729,1401
7888,1402
8096,1403
8261,1404
8386,1405
8533,1406
8694,1407
8797,1408
8824,1409
8754,1410
8618,1411
8495,1412
8422,1413
8399,1414
8436,1415
8520,1416
8625,1417
8682,1418
8699,1419
8676,1420
8620,1421
8560,1422
8484,1423
8364,1424
8223,1425
8096,1426
8037,1427
8018,1428
8051,1429
8087,1430
8122,1431
8178,1432
8247,1433
8360,1434
8488,1435
8604,1436
8706,1437
8791,1438
8837,1439
8816,1440
8725,1441
8607,1442
8485,1443
8393,1444
8317,1445
8267,1446
8235,1447
8215,1448
8193,1449
8164,1450
8144,1451
8140,1452
8123,1453
8105,1454
8090,1455
8068,1456
8049,1457
8024,1458
7981,1459
7947,1460
7895,1461
7809,1462
7696,1463
7586,1464
7492,1465
7445,1466
7448,1467
7480,1468
7522,1469
7569,1470
7622,1471
7675,1472
7693,1473
7673,1474
7612,1475
7524,1476
7400,1477
7253,1478
7069,1479
6852,1480
6627,1481
6409,1482
6213,1483
6071,1484
5983,1485
5941,1486
5908,1487
5897,1488
5946,1489
6042,1490
6136,1491
6210,1492
6275,1493
6328,1494
6369,1495
6392,1496
6423,1497
6454,1498
6484,1499
6500,1500
6521,1501
6541,1502
6544,1503
6538,1504
6534,1505
6528,1506
6546,1507
6591,1508
6649,1509
6718,1510
6836,1511
7010,1512
7154,1513
7261,1514
7352,1515
7446,1516
7587,1517
7765,1518
7963,1519
8144,1520
8290,1521
8402,1522
8477,1523
8494,1524
8471,1525
8408,1526
8301,1527
8156,1528
7982,1529
7785,1530
7560,1531
7359,1532
7200,1533
7057,1534
6926,1535
6818,1536
6760,1537
6700,1538
6646,1539
6596,1540
6553,1541
6495,1542
6419,1543
6350,1544
6327,1545
6346,1546
6378,1547
6416,1548
6482,1549
6580,1550
6671,1551
6738,1552
6797,1553
6850,1554
6887,1555
6905,1556
6901,1557
6892,1558
6891,1559
6897,1560
6894,1561
6888,1562
6882,1563
6888,1564
6917,1565
6940,1566
6952,1567
6968,1568
7017,1569
7079,1570
7093,1571
7072,1572
7028,1573
6966,1574
6878,1575
6776,1576
6682,1577
6590,1578
6499,1579
6407,1580
6332,1581
6277,1582
6234,1583
6185,1584
6135,1585
6092,1586
6064,1587
6055,1588
6061,1589
6081,1590
6114,1591
6161,1592
6195,1593
6221,1594
6251,1595
6280,1596
6321,1597
6356,1598
6386,1599
6410,1600
6438,1601
6487,1602
6589,1603
6742,1604
6947,1605
7141,1606
7264,1607
7315,1608
7291,1609
7223,1610
7128,1611
6971,1612
6790,1613
6603,1614
6488,1615
6459,1616
6535,1617
6670,1618
6796,1619
6901,1620
6968,1621
7013,1622
7055,1623
7084,1624
7125,1625
7157,1626
7179,1627
7190,1628
7200,1629
7210,1630
7216,1631
7222,1632
7222,1633
7223,1634
7244,1635
7305,1636
7384,1637
7463,1638
7547,1639
7685,1640
7823,1641
7913,1642
7988,1643
8081,1644
8186,1645
8291,1646
8412,1647
8504,1648
8556,1649
8573,1650
8553,1651
8502,1652
8451,1653
8427,1654
8422,1655
8422,1656
8401,1657
8341,1658
8273,1659
8220,1660
8174,1661
8121,1662
8096,1663
8088,1664
8068,1665
8045,1666
8018,1667
8008,1668
7990,1669
7967,1670
7937,1671
7923,1672
7917,1673
7924,1674
7942,1675
7990,1676
8040,1677
8082,1678
8146,1679
8214,1680
8270,1681
8323,1682
8382,1683
8401,1684
8294,1685
8104,1686
7881,1687
7587,1688
7230,1689
6923,1690
6683,1691
6575,1692
6582,1693
6660,1694
6771,1695
6923,1696
7149,1697
7434,1698
7728,1699
8006,1700
8314,1701
8586,1702
8728,1703
8780,1704
8871,1705
8971,1706
9133,1707
9384,1708
9617,1709
9758,1710
9741,1711
9649,1712
9555,1713
9431,1714
9337,1715
9318,1716
9316,1717
9318,1718
9266,1719
9187,1720
9073,1721
8880,1722
8664,1723
8477,1724
8291,1725
8102,1726
7949,1727
7858,1728
7763,1729
7669,1730
7588,1731
7520,1732
7446,1733
7385,1734
7376,1735
7393,1736
7421,1737
7473,1738
7520,1739
7553,1740
7597,1741
7663,1742
7740,1743
7783,1744
7781,1745
7776,1746
7776,1747
7776,1748
7871,1749
7873,1750
7895,1751
7886,1752
8012,1753
8157,1754
8273,1755
8303,1756
8306,1757
8298,1758
8281,1759
8261,1760
8247,1761
8247,1762
8246,1763
8249,1764
8255,1765
8263,1766
8261,1767
8214,1768
8140,1769
8074,1770
8023,1771
7991,1772
7981,1773
7974,1774
7994,1775
8040,1776
8081,1777
8107,1778
8107,1779
8041,1780
7886,1781
7645,1782
7391,1783
7169,1784
6960,1785
6810,1786
6759,1787
6812,1788
6938,1789
7042,1790
7084,1791
7106,1792
7114,1793
7104,1794
7093,1795
7090,1796
7107,1797
7116,1798
7097,1799
7075,1800
7047,1801
7053,1802
7096,1803
7150,1804
7192,1805
7224,1806
7259,1807
7329,1808
7467,1809
7659,1810
7894,1811
8143,1812
8399,1813
8662,1814
8897,1815
9110,1816
9310,1817
9494,1818
9639,1819
9761,1820
9852,1821
9932,1822
10002,1823
10057,1824
10098,1825
10103,1826
10072,1827
10056,1828
10044,1829
10043,1830
10041,1831
9959,1832
9753,1833
9450,1834
9112,1835
8749,1836
8386,1837
8057,1838
7754,1839
7481,1840
7231,1841
7024,1842
6840,1843
6713,1844
6617,1845
6550,1846
6518,1847
6498,1848
6476,1849
6440,1850
6405,1851
6360,1852
6294,1853
6212,1854
6144,1855
6125,1856
6126,1857
6104,1858
6072,1859
6049,1860
6016,1861
5961,1862
5912,1863
5897,1864
5896,1865
5902,1866
5909,1867
5916,1868
5907,1869
5904,1870
5922,1871
5956,1872
5995,1873
6019,1874
6042,1875
6071,1876
6090,1877
6096,1878
6097,1879
6090,1880
6087,1881
6095,1882
6092,1883
6092,1884
6100,1885
6130,1886
6136,1887
6142,1888
6145,1889
6130,1890
6135,1891
6183,1892
6252,1893
6326,1894
6415,1895
6517,1896
6631,1897
6728,1898
6818,1899
6888,1900
6936,1901
6933,1902
6923,1903
6913,1904
6883,1905
6833,1906
6773,1907
6711,1908
6667,1909
6633,1910
6627,1911
6618,1912
6609,1913
6590,1914
6553,1915
6498,1916
6424,1917
6336,1918
6260,1919
6220,1920
6215,1921
6231,1922
6246,1923
6270,1924
6289,1925
6290,1926
6311,1927
6353,1928
6376,1929
6388,1930
6413,1931
6446,1932
6479,1933
6550,1934
6653,1935
6762,1936
6863,1937
6954,1938
7012,1939
7041,1940
7056,1941
7070,1942
7082,1943
7102,1944
7112,1945
7120,1946
7122,1947
7128,1948
7128,1949
7128,1950
7101,1951
7043,1952
6970,1953
6889,1954
6813,1955
6758,1956
6733,1957
6729,1958
6763,1959
6819,1960
6904,1961
7028,1962
7177,1963
7372,1964
7632,1965
7905,1966
8204,1967
8501,1968
8774,1969
9022,1970
9241,1971
9414,1972
9533,1973
9588,1974
9596,1975
9577,1976
9568,1977
9574,1978
9603,1979
9646,1980
9682,1981
9702,1982
9713,1983
9713,1984
9706,1985
9700,1986
9700,1987
9710,1988
9715,1989
9718,1990
9734,1991
9747,1992
9738,1993
9702,1994
9641,1995
9568,1996
9454,1997
9300,1998
9119,1999
8936,2000
8748,2001
8574,2002
8400,2003
8247,2004
8101,2005
7981,2006
7868,2007
7778,2008
7706,2009
7651,2010
7607,2011
7574,2012
7548,2013
7536,2014
7529,2015
7534,2016
7557,2017
7595,2018
7663,2019
7773,2020
7905,2021
8070,2022
8239,2023
8418,2024
8603,2025
8785,2026
8969,2027
9154,2028
9348,2029
9508,2030
9639,2031
9739,2032
9788,2033
9819,2034
9832,2035
9847,2036
9865,2037
9885,2038
9896,2039
9889,2040
9868,2041
9811,2042
9706,2043
9554,2044
9388,2045
9206,2046
9017,2047
8833,2048
8681,2049
8539,2050
8460,2051
8445,2052
8452,2053
8491,2054
8519,2055
8525,2056
8537,2057
8557,2058
8550,2059
8521,2060
8506,2061
8477,2062
8454,2063
8461,2064
8472,2065
8451,2066
8422,2067
8371,2068
8279,2069
8163,2070
8077,2071
8023,2072
7978,2073
7934,2074
7893,2075
7857,2076
7835,2077
7827,2078
7844,2079
7855,2080
7863,2081
7856,2082
7840,2083
7818,2084
7775,2085
7756,2086
7765,2087
7766,2088
7763,2089
7760,2090
7761,2091
7761,2092
7769,2093
7754,2094
7712,2095
7667,2096
7629,2097
7613,2098
7615,2099
7617,2100
7608,2101
7604,2102
7607,2103
7607,2104
7610,2105
7615,2106
7611,2107
7610,2108
7626,2109
7656,2110
7694,2111
7761,2112
7833,2113
7917,2114
8020,2115
8104,2116
8123,2117
8084,2118
8035,2119
8012,2120
8012,2121
8012,2122
7989,2123
7985,2124
7971,2125
7961,2126
7961,2127
7964,2128
7967,2129
7967,2130
7967,2131
7963,2132
7960,2133
7951,2134
7939,2135
7939,2136
7947,2137
7957,2138
7974,2139
7981,2140
7978,2141
7978,2142
7981,2143
7984,2144
7987,2145
7988,2146
7976,2147
7975,2148
7975,2149
7976,2150
7976,2151
7972,2152
7969,2153
7966,2154
7961,2155
7968,2156
7975,2157
7985,2158
7994,2159
7994,2160
7991,2161
7990,2162
7990,2163
7991,2164
7991,2165
7987,2166
7987,2167
7987,2168
7987,2169
7987,2170
7987,2171
7987,2172
7984,2173
7981,2174
7980,2175
7980,2176
7983,2177
7994,2178
8003,2179
8023,2180
8051,2181
8085,2182
8109,2183
8109,2184
8112,2185
8119,2186
8139,2187
8161,2188
8162,2189
8145,2190
8137,2191
8137,2192
8143,2193
8151,2194
8154,2195
8151,2196
8161,2197
8164,2198
8165,2199
8165,2200
8165,2201
8165,2202
8162,2203
8161,2204
8164,2205
8167,2206
8170,2207
8170,2208
8171,2209
8174,2210
8173,2211
8172,2212
8172,2213
8173,2214
8174,2215
8175,2216
8181,2217
8187,2218
8195,2219
8196,2220
8197,2221
8197,2222
8197,2223
8197,2224
8196,2225
8193,2226
8190,2227
8190,2228
8194,2229
8197,2230
8197,2231
8197,2232
8197,2233
8197,2234
8197,2235
8197,2236
8196,2237
8196,2238
8196,2239
8197,2240
8197,2241
8197,2242
8197,2243
8197,2244
8197,2245
8197,2246
8197,2247
8197,2248
8197,2249
8197,2250
8197,2251
8197,2252
8197,2253
8197,2254
8197,2255
8197,2256
8197,2257
8197,2258
8197,2259
8197,2260
8197,2261
8197,2262
8197,2263
8197,2264
8197,2265
8197,2266
8197,2267
8197,2268
8197,2269
8197,2270
8197,2271
8197,2272
8197,2273
8197,2274
8197,2275
8197,2276
8197,2277
8197,2278
8197,2279
8197,2280
8197,2281
8197,2282
8197,2283
8197,2284
8197,2285
8197,2286
8197,2287
8197,2288
8197,2289
8197,2290
8197,2291
8197,2292
8197,2293
8197,2294
8197,2295
8197,2296
8197,2297
8197,2298
8197,2299
8197,2300
8197,2301
8197,2302
8197,2303
8197,2304
8197,2305
8197,2306
8197,2307
8197,2308
8197,2309
8197,2310
8197,2311
8197,2312
8197,2313
8197,2314
8197,2315
8197,2316
8197,2317
8197,2318
8197,2319
8197,2320
8197,2321
8197,2322
8197,2323
8197,2324
8197,2325
8197,2326
8197,2327
8197,2328
8197,2329
8197,2330
8197,2331
8197,2332
8197,2333
8197,2334
8197,2335
8197,2336
8197,2337
8197,2338
8197,2339
8197,2340
8197,2341
8197,2342
8197,2343
8197,2344
8197,2345
8197,2346
8197,2347
8197,2348
8197,2349
8197,2350
8197,2351
8197,2352
8197,2353
8197,2354
8197,2355
8197,2356
8197,2357
8197,2358
8197,2359
8197,2360
8197,2361
8197,2362
8197,2363
8197,2364
8197,2365
8197,2366
8197,2367
8197,2368
8197,2369
8197,2370
8197,2371
8197,2372
8197,2373
8197,2374
8197,2375
8197,2376
8197,2377
8197,2378
8197,2379
8197,2380
8197,2381
8197,2382
8197,2383
8197,2384
8197,2385
8197,2386
8197,2387
8197,2388
8197,2389
8197,2390
8197,2391
8197,2392
8197,2393
8197,2394
8197,2395
8197,2396
8197,2397
8197,2398
8197,2399
8197,2400
8197,2401
8197,2402
8197,2403
8197,2404
8197,2405
8197,2406
8197,2407
8197,2408
8197,2409
8197,2410
8197,2411
8197,2412
8197,2413
8197,2414
8197,2415
8197,2416
8197,2417
8197,2418
8197,2419
8197,2420
8197,2421
8197,2422
8197,2423
8197,2424
8197,2425
8197,2426
8197,2427
8197,2428
8197,2429
8197,2430
8197,2431
8197,2432
8197,2433
8197,2434
8197,2435
8197,2436
8197,2437
8197,2438
8197,2439
8197,2440
8197,2441
8197,2442
8197,2443
8197,2444
8197,2445
8197,2446
8197,2447
8197,2448
8197,2449
8197,2450
8197,2451
8197,2452
8197,2453
8197,2454
8197,2455
8197,2456
8197,2457
8197,2458
8197,2459
8197,2460
8197,2461
8197,2462
8197,2463
8197,2464
8197,2465
8197,2466
8197,2467
8197,2468
8197,2469
8197,2470
8197,2471
8197,2472
8197,2473
8197,2474
8197,2475
8197,2476
8197,2477
8197,2478
8197,2479
8197,2480
8197,2481
8197,2482
8197,2483
8197,2484
8197,2485
8197,2486
8197,2487
8197,2488
8197,2489
8197,2490
8197,2491
8197,2492
8197,2493
8197,2494
8197,2495
8197,2496
8197,2497
8197,2498
8197,2499
8197,2500
8197,2501
8197,2502
8197,2503
8197,2504
8197,2505
8197,2506
8197,2507
8197,2508
8197,2509
8197,2510
8197,2511
8197,2512
8197,2513
8197,2514
8197,2515
8197,2516
8197,2517
8197,2518
8197,2519
8197,2520
8197,2521
8197,2522
8197,2523
8197,2524
8197,2525
8197,2526
8197,2527
8197,2528
8197,2529
8197,2530
8197,2531
8197,2532
8197,2533
8197,2534
8197,2535
8197,2536
8197,2537
8197,2538
8197,2539
8197,2540
8197,2541
8197,2542
8197,2543
8197,2544
8197,2545
8197,2546
8197,2547
8197,2548
8197,2549
8197,2550
8197,2551
8197,2552
8197,2553
8197,2554
8197,2555
8197,2556
8197,2557
8197,2558
8197,2559
8197,2560
8197,2561
8197,2562
8197,2563
8197,2564
8197,2565
8197,2566
8197,2567
8197,2568
8197,2569
8197,2570
8197,2571
8197,2572
8197,2573
8197,2574
8197,2575
8197,2576
8197,2577
8197,2578
8197,2579
8197,2580
8197,2581
8197,2582
8197,2583
8197,2584
8197,2585
8197,2586
8197,2587
8197,2588
8197,2589
8197,2590
8197,2591
8197,2592
8197,2593
8197,2594
8197,2595
8197,2596
8197,2597
8197,2598
8197,2599
8197,2600
8197,2601
8197,2602
8197,2603
8197,2604
8197,2605
8197,2606
8197,2607
8197,2608
8197,2609
8197,2610
8197,2611
8197,2612
8197,2613
8197,2614
8197,2615
8197,2616
8197,2617
8197,2618
8197,2619
8197,2620
8197,2621
8197,2622
8197,2623
8197,2624
8197,2625
8197,2626
8197,2627
8197,2628
8197,2629
8197,2630
8197,2631
8197,2632
8197,2633
8197,2634
8197,2635
8198,2636
8198,2637
8197,2638
8198,2639
8198,2640
8198,2641
8198,2642
8198,2643
8198,2644
8198,2645
8192,2646
8192,2647
8194,2648
8197,2649
8197,2650
8198,2651
8199,2652
8199,2653
8199,2654
8199,2655
8199,2656
8199,2657
8199,2658
8199,2659
8199,2660
8199,2661
8199,2662
8199,2663
8195,2664
8189,2665
8189,2666
8192,2667
8198,2668
8198,2669
8198,2670
8199,2671
8199,2672
8199,2673
8198,2674
8195,2675
8195,2676
8195,2677
8196,2678
8197,2679
8198,2680
8199,2681
8199,2682
8199,2683
8198,2684
8198,2685
8197,2686
8198,2687
8198,2688
8198,2689
8199,2690
8199,2691
8199,2692
8198,2693
8198,2694
8198,2695
8198,2696
8198,2697
8198,2698
8198,2699
8198,2700
8198,2701
8198,2702
8198,2703
8198,2704
8198,2705
8198,2706
8198,2707
8198,2708
8198,2709
8198,2710
8198,2711
8198,2712
8198,2713
8198,2714
8198,2715
8198,2716
8198,2717
8198,2718
8198,2719
8198,2720
8198,2721
8198,2722
8198,2723
8198,2724
8198,2725
8198,2726
8198,2727
8198,2728
8198,2729
8198,2730
8198,2731
8198,2732
8198,2733
8198,2734
8198,2735
8198,2736
8198,2737
8198,2738
8198,2739
8198,2740
8198,2741
8198,2742
8198,2743
8198,2744
8198,2745
8198,2746
8198,2747
8198,2748
8198,2749
8198,2750
8198,2751
8198,2752
8198,2753
8198,2754
8198,2755
8198,2756
8198,2757
8198,2758
8198,2759
8198,2760
8198,2761
8198,2762
8198,2763
8198,2764
8198,2765
8198,2766
8198,2767
8198,2768
8198,2769
8198,2770
8198,2771
8198,2772
8198,2773
8198,2774
8198,2775
8198,2776
8198,2777
8198,2778
8198,2779
8198,2780
8198,2781
8198,2782
8198,2783
8198,2784
8198,2785
8198,2786
8198,2787
8198,2788
8198,2789
8198,2790
8198,2791
8198,2792
8198,2793
8198,2794
8198,2795
8198,2796
8198,2797
8198,2798
8198,2799
8198,2800
8198,2801
8198,2802
8198,2803
8198,2804
8198,2805
8198,2806
8198,2807
8198,2808
8198,2809
8198,2810
8199,2811
8199,2812
8199,2813
8199,2814
8198,2815
8198,2816
8198,2817
8198,2818
8198,2819
8198,2820
8198,2821
8199,2822
8199,2823
8199,2824
8199,2825
8199,2826
8199,2827
8199,2828
8199,2829
8199,2830
8198,2831
8198,2832
8199,2833
8199,2834
8199,2835
8198,2836
8198,2837
8198,2838
8198,2839
8198,2840
8198,2841
8198,2842
8198,2843
8198,2844
8198,2845
8198,2846
8198,2847
8198,2848
8198,2849
8199,2850
8198,2851
8198,2852
8198,2853
8198,2854
8198,2855
8198,2856
8198,2857
8198,2858
8198,2859
8198,2860
8198,2861
8198,2862
8198,2863
8198,2864
8198,2865
8198,2866
8198,2867
8198,2868
8198,2869
8198,2870
8198,2871
8198,2872
8198,2873
8198,2874
8198,2875
8198,2876
8198,2877
8198,2878
8198,2879
8198,2880
8198,2881
8198,2882
8198,2883
8198,2884
8198,2885
8198,2886
8198,2887
8198,2888
8198,2889
8198,2890
8198,2891
8198,2892
8198,2893
8198,2894
8198,2895
8198,2896
8198,2897
8198,2898
8198,2899
8198,2900
8198,2901
8198,2902
8198,2903
8198,2904
8198,2905
8198,2906
8198,2907
8198,2908
8198,2909
8198,2910
8198,2911
8198,2912
8198,2913
8198,2914
8198,2915
8198,2916
8198,2917
8198,2918
8198,2919
8198,2920
8198,2921
8199,2922
8199,2923
8199,2924
8199,2925
8199,2926
8199,2927
8199,2928
8199,2929
8198,2930
8198,2931
8198,2932
8198,2933
8199,2934
8199,2935
8199,2936
8199,2937
8199,2938
8199,2939
8199,2940
8199,2941
8198,2942
8198,2943
8198,2944
8198,2945
8198,2946
8198,2947
8198,2948
8198,2949
8198,2950
8198,2951
8198,2952
8198,2953
8198,2954
8198,2955
8198,2956
8198,2957
8198,2958
8198,2959
8198,2960
8198,2961
8198,2962
8198,2963
8198,2964
8199,2965
8198,2966
8198,2967
8198,2968
8198,2969
8198,2970
8198,2971
8198,2972
8198,2973
8198,2974
8198,2975
8199,2976
8199,2977
8198,2978
8198,2979
8198,2980
8198,2981
8198,2982
8198,2983
8198,2984
8198,2985
8198,2986
8198,2987
8198,2988
8198,2989
8198,2990
8199,2991
8199,2992
8199,2993
8199,2994
8198,2995
8198,2996
8198,2997
8198,2998
8199,2999
8199,3000
8199,3001
8199,3002
8199,3003
8199,3004
8198,3005
8198,3006
8198,3007
8198,3008
8198,3009
8198,3010
8198,3011
8198,3012
8198,3013
8198,3014
8198,3015
8198,3016
8198,3017
8198,3018
8198,3019
8198,3020
8198,3021
8198,3022
8198,3023
8198,3024
8198,3025
8198,3026
8198,3027
8198,3028
8198,3029
8198,3030
8198,3031
8198,3032
8198,3033
8198,3034
8198,3035
8198,3036
8198,3037
8199,3038
8199,3039
8198,3040
8198,3041
8199,3042
8198,3043
8198,3044
8198,3045
8198,3046
8198,3047
8198,3048
8198,3049
8198,3050
8198,3051
8198,3052
8198,3053
8198,3054
8198,3055
8198,3056
8198,3057
8198,3058
8198,3059
8198,3060
8198,3061
8198,3062
8198,3063
8198,3064
8198,3065
8198,3066
8198,3067
8198,3068
8198,3069
8199,3070
8199,3071
8199,3072
8199,3073
8199,3074
8198,3075
8198,3076
8198,3077
8198,3078
8198,3079
8198,3080
8198,3081
8198,3082
8198,3083
8198,3084
8198,3085
8198,3086
8198,3087
8198,3088
8198,3089
8198,3090
8198,3091
8198,3092
8198,3093
8198,3094
8198,3095
8199,3096
8199,3097
8198,3098
8198,3099
8198,3100
8198,3101
8198,3102
8198,3103
8198,3104
8198,3105
8198,3106
8198,3107
8198,3108
8198,3109
8198,3110
8198,3111
8198,3112
8198,3113
8198,3114
8198,3115
8198,3116
8198,3117
8198,3118
8198,3119
8198,3120
8198,3121
8198,3122
8198,3123
8198,3124
8198,3125
8198,3126
8198,3127
8198,3128
8198,3129
8198,3130
8198,3131
8199,3132
8199,3133
8199,3134
8199,3135
8199,3136
8199,3137
8199,3138
8199,3139
8198,3140
8198,3141
8198,3142
8198,3143
8198,3144
8198,3145
8198,3146
8198,3147
8198,3148
8198,3149
8198,3150
8198,3151
8198,3152
8198,3153
8198,3154
8198,3155
8198,3156
8198,3157
8198,3158
8198,3159
8198,3160
8198,3161
8198,3162
8198,3163
8198,3164
8198,3165
8198,3166
8198,3167
8198,3168
8199,3169
8199,3170
8199,3171
8199,3172
8198,3173
8198,3174
8198,3175
8198,3176
8198,3177
8198,3178
8198,3179
8198,3180
8198,3181
8198,3182
8198,3183
8198,3184
8198,3185
8198,3186
8198,3187
8198,3188
8198,3189
8198,3190
8198,3191
8198,3192
8198,3193
8198,3194
8198,3195
8198,3196
8198,3197
8198,3198
8198,3199
8198,3200
8198,3201
8198,3202
8199,3203
8199,3204
8199,3205
8199,3206
8199,3207
8199,3208
8199,3209
8199,3210
8199,3211
8199,3212
8199,3213
8198,3214
8198,3215
8198,3216
8198,3217
8198,3218
8198,3219
8198,3220
8198,3221
8198,3222
8198,3223
8198,3224
8198,3225
8198,3226
8198,3227
8198,3228
8198,3229
8198,3230
8198,3231
8198,3232
8198,3233
8198,3234
8198,3235
8198,3236
8198,3237
8198,3238
8198,3239
8198,3240
8198,3241
8198,3242
8198,3243
8198,3244
8198,3245
8199,3246
8199,3247
8198,3248
8198,3249
8198,3250
8198,3251
8198,3252
8198,3253
8198,3254
8198,3255
8199,3256
8198,3257
8198,3258
8198,3259
8198,3260
8198,3261
8198,3262
8198,3263
8198,3264
8198,3265
8198,3266
8198,3267
8198,3268
8198,3269
8198,3270
8198,3271
8198,3272
8198,3273
8198,3274
8198,3275
8198,3276
8198,3277
8198,3278
8198,3279
8198,3280
8198,3281
8198,3282
8198,3283
8199,3284
8198,3285
8198,3286
8198,3287
8198,3288
8198,3289
8198,3290
8198,3291
8198,3292
8198,3293
8198,3294
8198,3295
8198,3296
8198,3297
8198,3298
8198,3299
8198,3300
8198,3301
8198,3302
8199,3303
8199,3304
8199,3305
8199,3306
8199,3307
8199,3308
8198,3309
8198,3310
8198,3311
8198,3312
8198,3313
8198,3314
8198,3315
8198,3316
8198,3317
8198,3318
8198,3319
8198,3320
8198,3321
8198,3322
8198,3323
8198,3324
8198,3325
8198,3326
8198,3327
8198,3328
8198,3329
8198,3330
8198,3331
8198,3332
8198,3333
8198,3334
8198,3335
8198,3336
8198,3337
8198,3338
8198,3339
8198,3340
8198,3341
8198,3342
8198,3343
8198,3344
8199,3345
8199,3346
8199,3347
8199,3348
8199,3349
8199,3350
8199,3351
8199,3352
8199,3353
8199,3354
8199,3355
8199,3356
8198,3357
8198,3358
8198,3359
8199,3360
8199,3361
8199,3362
8199,3363
8199,3364
8199,3365
8199,3366
8199,3367
8199,3368
8199,3369
8199,3370
8199,3371
8199,3372
8199,3373
8199,3374
8199,3375
8199,3376
8199,3377
8198,3378
8198,3379
8198,3380
8198,3381
8198,3382
8198,3383
8198,3384
8198,3385
8198,3386
8198,3387
8198,3388
8198,3389
8198,3390
8198,3391
8198,3392
8198,3393
8198,3394
8199,3395
8199,3396
8199,3397
8199,3398
8198,3399
8198,3400
8198,3401
8198,3402
8198,3403
8198,3404
8198,3405
8198,3406
8198,3407
8198,3408
8198,3409
8198,3410
8198,3411
8198,3412
8198,3413
8198,3414
8198,3415
8198,3416
8198,3417
8198,3418
8198,3419
8198,3420
8199,3421
8199,3422
8198,3423
8199,3424
8199,3425
8198,3426
8198,3427
8198,3428
8198,3429
8198,3430
8198,3431
8198,3432
8198,3433
8198,3434
8198,3435
8198,3436
8198,3437
8198,3438
8198,3439
8198,3440
8198,3441
8198,3442
8198,3443
8198,3444
8199,3445
8199,3446
8199,3447
8199,3448
8199,3449
8198,3450
8198,3451
8198,3452
8198,3453
8198,3454
8198,3455
8198,3456
8198,3457
8198,3458
8198,3459
8198,3460
8198,3461
8198,3462
8198,3463
8198,3464
8198,3465
8198,3466
8198,3467
8198,3468
8198,3469
8198,3470
8198,3471
8198,3472
8198,3473
8198,3474
8198,3475
8198,3476
8198,3477
8198,3478
8198,3479
8198,3480
8198,3481
8198,3482
8198,3483
8199,3484
8199,3485
8198,3486
8198,3487
8198,3488
8198,3489
8198,3490
8198,3491
8198,3492
8198,3493
8198,3494
8198,3495
8198,3496
8199,3497
8199,3498
8199,3499
8199,3500
8199,3501
8199,3502
8199,3503
8199,3504
8199,3505
8199,3506
8200,3507
8200,3508
8199,3509
8199,3510
8199,3511
8199,3512
8200,3513
8200,3514
8200,3515
8200,3516
8200,3517
8200,3518
8199,3519
8199,3520
8199,3521
8199,3522
8199,3523
8200,3524
8200,3525
8200,3526
8200,3527
8200,3528
8199,3529
8199,3530
8199,3531
8199,3532
8199,3533
8199,3534
8199,3535
8199,3536
8199,3537
8193,3538
8193,3539
8196,3540
8199,3541
8199,3542
8199,3543
8199,3544
8199,3545
8199,3546
8199,3547
8198,3548
8198,3549
8198,3550
8198,3551
8199,3552
8199,3553
8199,3554
8199,3555
8199,3556
8199,3557
8198,3558
8199,3559
8199,3560
8199,3561
8199,3562
8199,3563
8199,3564
8199,3565
8199,3566
8199,3567
8199,3568
8199,3569
8199,3570
8199,3571
8199,3572
8199,3573
8199,3574
8199,3575
8199,3576
8199,3577
8199,3578
8196,3579
8199,3580
8199,3581
8200,3582
8200,3583
8200,3584
8201,3585
8201,3586
8201,3587
8202,3588
8205,3589
8205,3590
8204,3591
8204,3592
8203,3593
8203,3594
8202,3595
8202,3596
8202,3597
8203,3598
8203,3599
8204,3600
8204,3601
8204,3602
8204,3603
8204,3604
8205,3605
8205,3606
8205,3607
8205,3608
8205,3609
8205,3610
8205,3611
8205,3612
8204,3613
8204,3614
8204,3615
8204,3616
8221,3617
8253,3618
8274,3619
8284,3620
8274,3621
8261,3622
8253,3623
8253,3624
8252,3625
8252,3626
8251,3627
8251,3628
8254,3629
8257,3630
8258,3631
8258,3632
8252,3633
8251,3634
8251,3635
8248,3636
8267,3637
8277,3638
8259,3639
8226,3640
8194,3641
8187,3642
8209,3643
8233,3644
8244,3645
8244,3646
8249,3647
8277,3648
8325,3649
8387,3650
8451,3651
8496,3652
8550,3653
8619,3654
8659,3655
8669,3656
8669,3657
8670,3658
8676,3659
8666,3660
8627,3661
8580,3662
8539,3663
8513,3664
8503,3665
8518,3666
8562,3667
8627,3668
8710,3669
8764,3670
8796,3671
8800,3672
8791,3673
8772,3674
8742,3675
8708,3676
8663,3677
8616,3678
8558,3679
8510,3680
8499,3681
8530,3682
8544,3683
8528,3684
8494,3685
8479,3686
8495,3687
8543,3688
8604,3689
8678,3690
8770,3691
8843,3692
8884,3693
8894,3694
8875,3695
8849,3696
8820,3697
8780,3698
8739,3699
8674,3700
8572,3701
8460,3702
8350,3703
8250,3704
8170,3705
8122,3706
8096,3707
8073,3708
8041,3709
7986,3710
7915,3711
7823,3712
7707,3713
7566,3714
7405,3715
7220,3716
7012,3717
6807,3718
6631,3719
6467,3720
6325,3721
6225,3722
6186,3723
6139,3724
6091,3725
6046,3726
5960,3727
5838,3728
5828,3729
5880,3730
5941,3731
6009,3732
6146,3733
6298,3734
6375,3735
6399,3736
6428,3737
6467,3738
6484,3739
6479,3740
6497,3741
6520,3742
6531,3743
6504,3744
6455,3745
6426,3746
6431,3747
6452,3748
6449,3749
6412,3750
6347,3751
6304,3752
6306,3753
6423,3754
6679,3755
7023,3756
7404,3757
7793,3758
8152,3759
8441,3760
8609,3761
8634,3762
8540,3763
8374,3764
8152,3765
7855,3766
7552,3767
7318,3768
7216,3769
7212,3770
7191,3771
7168,3772
7189,3773
7241,3774
7349,3775
7479,3776
7633,3777
7772,3778
7878,3779
7991,3780
8112,3781
8221,3782
8304,3783
8370,3784
8417,3785
8456,3786
8466,3787
8466,3788
8463,3789
8463,3790
8469,3791
8462,3792
8429,3793
8391,3794
8359,3795
8340,3796
8339,3797
8361,3798
8390,3799
8414,3800
8436,3801
8466,3802
8493,3803
8540,3804
8594,3805
8649,3806
8696,3807
8748,3808
8808,3809
8891,3810
8964,3811
9027,3812
9074,3813
9104,3814
9127,3815
9138,3816
9132,3817
9128,3818
9124,3819
9108,3820
9103,3821
9131,3822
9166,3823
9216,3824
9291,3825
9354,3826
9391,3827
9414,3828
9434,3829
9441,3830
9438,3831
9435,3832
9438,3833
9425,3834
9387,3835
9339,3836
9273,3837
9188,3838
9117,3839
9047,3840
8992,3841
8947,3842
8894,3843
8809,3844
8684,3845
8514,3846
8352,3847
8205,3848
8081,3849
8017,3850
7982,3851
7973,3852
7976,3853
7956,3854
7916,3855
7862,3856
7814,3857
7794,3858
7794,3859
7800,3860
7790,3861
7745,3862
7662,3863
7558,3864
7426,3865
7279,3866
7120,3867
6986,3868
6855,3869
6755,3870
6723,3871
6705,3872
6679,3873
6685,3874
6686,3875
6648,3876
6599,3877
6534,3878
6455,3879
6384,3880
6336,3881
6293,3882
6261,3883
6238,3884
6237,3885
6249,3886
6259,3887
6282,3888
6303,3889
6314,3890
6380,3891
6495,3892
6583,3893
6662,3894
6740,3895
6778,3896
6814,3897
6866,3898
6899,3899
6940,3900
7011,3901
7101,3902
7228,3903
7386,3904
7528,3905
7664,3906
7755,3907
7786,3908
7801,3909
7826,3910
7859,3911
7891,3912
7938,3913
7984,3914
8050,3915
8136,3916
8226,3917
8328,3918
8456,3919
8558,3920
8644,3921
8740,3922
8815,3923
8848,3924
8858,3925
8834,3926
8809,3927
8775,3928
8720,3929
8662,3930
8604,3931
8560,3932
8535,3933
8518,3934
8525,3935
8556,3936
8594,3937
8623,3938
8644,3939
8641,3940
8638,3941
8674,3942
8719,3943
8743,3944
8759,3945
8804,3946
8850,3947
8858,3948
8855,3949
8862,3950
8866,3951
8872,3952
8865,3953
8847,3954
8834,3955
8815,3956
8807,3957
8806,3958
8799,3959
8790,3960
8790,3961
8790,3962
8791,3963
8781,3964
8771,3965
8765,3966
8768,3967
8789,3968
8801,3969
8803,3970
8788,3971
8765,3972
8737,3973
8715,3974
8684,3975
8641,3976
8588,3977
8536,3978
8486,3979
8454,3980
8421,3981
8384,3982
8318,3983
8237,3984
8164,3985
8115,3986
8077,3987
8048,3988
8027,3989
8016,3990
8009,3991
8016,3992
8050,3993
8123,3994
8213,3995
8350,3996
8478,3997
8598,3998
8699,3999
8773,4000
8839,4001
8887,4002
8921,4003
8923,4004
8951,4005
8979,4006
8982,4007
8939,4008
8847,4009
8758,4010
8716,4011
8717,4012
8751,4013
8765,4014
8748,4015
8739,4016
8739,4017
8739,4018
8740,4019
8748,4020
8775,4021
8797,4022
8807,4023
8798,4024
8776,4025
8748,4026
8729,4027
8728,4028
8728,4029
8725,4030
8722,4031
8732,4032
8735,4033
8729,4034
8728,4035
8728,4036
8725,4037
8716,4038
8706,4039
8703,4040
8715,4041
8708,4042
8692,4043
8676,4044
8661,4045
8629,4046
8588,4047
8556,4048
8542,4049
8554,4050
8582,4051
8604,4052
8610,4053
8607,4054
8606,4055
8623,4056
8651,4057
8673,4058
8703,4059
8715,4060
8705,4061
8679,4062
8648,4063
8614,4064
8587,4065
8565,4066
8556,4067
8563,4068
8571,4069
8568,4070
8544,4071
8512,4072
8500,4073
8509,4074
8531,4075
8557,4076
8580,4077
8602,4078
8611,4079
8604,4080
8582,4081
8548,4082
8505,4083
8483,4084
8502,4085
8549,4086
8608,4087
8663,4088
8668,4089
8658,4090
8648,4091
8641,4092
8645,4093
8651,4094
8638,4095
8642,4096
8632,4097
8595,4098
8540,4099
8494,4100
8471,4101
8461,4102
8469,4103
8461,4104
8450,4105
8440,4106
8431,4107
8428,4108
8428,4109
8422,4110
8408,4111
8398,4112
8398,4113
8404,4114
8404,4115
8405,4116
8377,4117
8342,4118
8335,4119
8359,4120
8365,4121
8334,4122
8315,4123
8281,4124
8235,4125
8181,4126
8122,4127
8081,4128
8086,4129
8098,4130
8081,4131
8054,4132
8047,4133
8079,4134
8134,4135
8208,4136
8374,4137
8554,4138
8698,4139
8743,4140
8642,4141
8456,4142
8196,4143
7936,4144
7711,4145
7529,4146
7428,4147
7429,4148
7515,4149
7671,4150
7884,4151
8112,4152
8314,4153
8445,4154
8482,4155
8442,4156
8389,4157
8327,4158
8223,4159
8125,4160
8051,4161
7994,4162
7922,4163
7872,4164
7854,4165
7868,4166
7918,4167
7977,4168
8065,4169
8121,4170
8156,4171
8185,4172
8235,4173
8295,4174
8360,4175
8408,4176
8441,4177
8452,4178
8436,4179
8416,4180
8381,4181
8308,4182
8238,4183
8181,4184
8117,4185
8069,4186
8011,4187
7971,4188
7964,4189
7971,4190
7978,4191
7978,4192
7978,4193
8001,4194
8042,4195
8091,4196
8120,4197
8136,4198
8150,4199
8168,4200
8160,4201
8152,4202
8152,4203
8157,4204
8165,4205
8150,4206
8138,4207
8155,4208
8178,4209
8210,4210
8223,4211
8229,4212
8245,4213
8255,4214
8274,4215
8297,4216
8315,4217
8322,4218
8323,4219
8317,4220
8317,4221
8309,4222
8300,4223
8294,4224
8288,4225
8285,4226
8276,4227
8251,4228
8196,4229
8140,4230
8064,4231
7988,4232
7935,4233
7917,4234
7922,4235
7932,4236
7939,4237
7945,4238
7952,4239
7948,4240
7944,4241
7941,4242
7961,4243
8006,4244
8072,4245
8142,4246
8205,4247
8266,4248
8314,4249
8337,4250
8343,4251
8356,4252
8370,4253
8377,4254
8377,4255
8371,4256
8349,4257
8300,4258
8244,4259
8192,4260
8158,4261
8151,4262
8170,4263
8197,4264
8237,4265
8284,4266
8316,4267
8324,4268
8295,4269
8273,4270
8264,4271
8259,4272
8259,4273
8256,4274
8264,4275
8260,4276
8233,4277
8211,4278
8189,4279
8181,4280
8177,4281
8177,4282
8171,4283
8144,4284
8111,4285
8089,4286
8076,4287
8066,4288
8071,4289
8091,4290
8118,4291
8147,4292
8157,4293
8157,4294
8150,4295
8140,4296
8124,4297
8114,4298
8111,4299
8119,4300
8125,4301
8118,4302
8087,4303
8021,4304
7986,4305
7971,4306
7975,4307
7993,4308
7993,4309
7985,4310
7969,4311
7952,4312
7950,4313
7930,4314
7910,4315
7877,4316
7856,4317
7847,4318
7854,4319
7869,4320
7900,4321
7940,4322
7982,4323
8005,4324
8018,4325
8024,4326
8027,4327
8042,4328
8054,4329
8071,4330
8081,4331
8097,4332
8121,4333
8176,4334
8257,4335
8345,4336
8455,4337
8556,4338
8625,4339
8616,4340
8560,4341
8499,4342
8452,4343
8439,4344
8439,4345
8454,4346
8457,4347
8445,4348
8393,4349
8325,4350
8267,4351
8233,4352
8202,4353
8147,4354
8084,4355
8020,4356
7976,4357
7968,4358
8006,4359
8092,4360
8172,4361
8247,4362
8301,4363
8322,4364
8343,4365
8360,4366
8360,4367
8340,4368
8308,4369
8267,4370
8235,4371
8205,4372
8174,4373
8134,4374
8075,4375
8004,4376
7902,4377
7786,4378
7653,4379
7519,4380
7410,4381
7352,4382
7359,4383
7426,4384
7524,4385
7660,4386
7818,4387
7963,4388
8097,4389
8197,4390
8251,4391
8274,4392
8263,4393
8200,4394
8083,4395
7927,4396
7733,4397
7512,4398
7266,4399
7035,4400
6834,4401
6673,4402
6533,4403
6387,4404
6234,4405
6102,4406
6003,4407
5941,4408
5887,4409
5824,4410
5815,4411
5818,4412
5817,4413
5817,4414
5816,4415
5815,4416
5812,4417
5809,4418
5808,4419
5808,4420
5808,4421
5807,4422
5806,4423
5807,4424
5807,4425
5808,4426
5808,4427
5808,4428
5809,4429
5809,4430
5808,4431
5808,4432
5807,4433
5807,4434
5806,4435
5806,4436
5805,4437
5805,4438
5805,4439
5805,4440
5805,4441
5805,4442
5805,4443
5805,4444
5805,4445
5806,4446
5806,4447
5806,4448
5806,4449
5806,4450
5806,4451
5806,4452
5807,4453
5808,4454
5817,4455
5852,4456
5912,4457
5977,4458
6017,4459
6023,4460
5998,4461
5974,4462
5959,4463
5944,4464
5944,4465
5947,4466
5927,4467
5899,4468
5897,4469
5929,4470
5998,4471
6088,4472
6151,4473
6212,4474
6259,4475
6238,4476
6177,4477
6144,4478
6154,4479
6163,4480
6122,4481
6094,4482
6113,4483
6150,4484
6152,4485
6140,4486
6169,4487
6286,4488
6511,4489
6796,4490
7112,4491
7479,4492
7777,4493
7994,4494
8094,4495
8098,4496
8049,4497
7998,4498
8011,4499
8113,4500
8261,4501
8419,4502
8593,4503
8761,4504
8924,4505
9019,4506
9075,4507
9133,4508
9147,4509
9102,4510
9054,4511
8983,4512
8846,4513
8672,4514
8480,4515
8255,4516
8040,4517
7872,4518
7749,4519
7706,4520
7766,4521
7919,4522
8142,4523
8409,4524
8697,4525
8930,4526
9041,4527
9041,4528
8991,4529
8935,4530
8848,4531
8745,4532
8741,4533
8797,4534
8882,4535
9033,4536
9190,4537
9271,4538
9272,4539
9199,4540
9111,4541
9011,4542
8872,4543
8764,4544
8688,4545
8636,4546
8606,4547
8606,4548
8669,4549
8766,4550
8872,4551
8973,4552
9065,4553
9149,4554
9172,4555
9162,4556
9097,4557
8987,4558
8858,4559
8728,4560
8653,4561
8598,4562
8519,4563
8451,4564
8366,4565
8256,4566
8171,4567
8090,4568
8025,4569
7971,4570
7924,4571
7891,4572
7860,4573
7811,4574
7774,4575
7728,4576
7684,4577
7666,4578
7693,4579
7777,4580
7880,4581
7976,4582
8052,4583
8106,4584
8152,4585
8186,4586
8198,4587
8161,4588
8092,4589
8008,4590
7930,4591
7857,4592
7749,4593
7624,4594
7531,4595
7510,4596
7576,4597
7669,4598
7755,4599
7789,4600
7768,4601
7719,4602
7671,4603
7642,4604
7627,4605
7581,4606
7543,4607
7531,4608
7559,4609
7627,4610
7694,4611
7735,4612
7768,4613
7777,4614
7777,4615
7753,4616
7725,4617
7694,4618
7662,4619
7665,4620
7700,4621
7734,4622
7760,4623
7770,4624
7781,4625
7793,4626
7808,4627
7859,4628
7956,4629
8074,4630
8196,4631
8273,4632
8320,4633
8300,4634
8226,4635
8164,4636
8094,4637
8044,4638
8047,4639
8103,4640
8142,4641
8154,4642
8123,4643
8082,4644
8076,4645
8123,4646
8217,4647
8317,4648
8394,4649
8419,4650
8400,4651
8363,4652
8285,4653
8185,4654
8104,4655
8057,4656
8009,4657
7931,4658
7829,4659
7709,4660
7612,4661
7547,4662
7490,4663
7446,4664
7398,4665
7385,4666
7457,4667
7570,4668
7731,4669
7882,4670
8015,4671
8105,4672
8170,4673
8182,4674
8126,4675
8009,4676
7869,4677
7742,4678
7633,4679
7524,4680
7406,4681
7305,4682
7222,4683
7178,4684
7151,4685
7111,4686
7095,4687
7109,4688
7125,4689
7095,4690
6981,4691
6801,4692
6623,4693
6480,4694
6343,4695
6266,4696
6261,4697
6251,4698
6174,4699
6063,4700
5994,4701
5971,4702
5950,4703
5934,4704
6011,4705
6218,4706
6544,4707
6854,4708
7046,4709
7169,4710
7207,4711
7112,4712
6981,4713
6890,4714
6890,4715
6917,4716
6933,4717
7005,4718
7185,4719
7473,4720
7839,4721
8206,4722
8516,4723
8731,4724
8811,4725
8765,4726
8642,4727
8520,4728
8425,4729
8385,4730
8372,4731
8390,4732
8404,4733
8366,4734
8266,4735
8100,4736
7889,4737
7660,4738
7441,4739
7280,4740
7141,4741
7071,4742
7074,4743
7099,4744
7109,4745
7094,4746
7089,4747
7065,4748
7029,4749
6999,4750
6969,4751
6965,4752
7016,4753
7122,4754
7264,4755
7360,4756
7386,4757
7344,4758
7280,4759
7257,4760
7264,4761
7295,4762
7350,4763
7389,4764
7385,4765
7315,4766
7202,4767
7111,4768
7086,4769
7117,4770
7158,4771
7170,4772
7152,4773
7126,4774
7121,4775
7129,4776
7123,4777
7097,4778
7055,4779
7013,4780
7015,4781
7065,4782
7142,4783
7167,4784
7148,4785
7070,4786
6989,4787
6940,4788
6947,4789
6962,4790
6950,4791
6932,4792
6921,4793
6959,4794
7057,4795
7204,4796
7372,4797
7517,4798
7625,4799
7713,4800
7811,4801
7938,4802
8084,4803
8213,4804
8334,4805
8421,4806
8445,4807
8423,4808
8399,4809
8369,4810
8303,4811
8233,4812
8197,4813
8201,4814
8249,4815
8309,4816
8350,4817
8348,4818
8299,4819
8232,4820
8180,4821
8132,4822
8077,4823
8016,4824
7964,4825
7941,4826
7946,4827
7983,4828
8019,4829
8052,4830
8047,4831
8028,4832
8013,4833
8008,4834
8022,4835
8029,4836
8061,4837
8085,4838
8078,4839
8067,4840
8048,4841
8018,4842
7946,4843
7839,4844
7681,4845
7528,4846
7421,4847
7393,4848
7436,4849
7520,4850
7619,4851
7709,4852
7784,4853
7835,4854
7860,4855
7864,4856
7867,4857
7877,4858
7895,4859
7916,4860
7926,4861
7920,4862
7919,4863
7916,4864
7908,4865
7903,4866
7874,4867
7823,4868
7760,4869
7695,4870
7632,4871
7561,4872
7464,4873
7351,4874
7254,4875
7175,4876
7103,4877
7001,4878
6889,4879
6790,4880
6757,4881
6792,4882
6854,4883
6865,4884
6845,4885
6823,4886
6840,4887
6886,4888
6909,4889
6913,4890
6916,4891
6918,4892
6910,4893
6918,4894
6928,4895
6931,4896
6943,4897
6977,4898
7025,4899
7055,4900
7057,4901
7032,4902
6995,4903
6983,4904
7012,4905
7069,4906
7114,4907
7124,4908
7096,4909
7056,4910
7027,4911
7017,4912
7026,4913
7018,4914
7005,4915
7007,4916
7033,4917
7099,4918
7193,4919
7300,4920
7402,4921
7458,4922
7467,4923
7440,4924
7417,4925
7406,4926
7394,4927
7373,4928
7365,4929
7380,4930
7386,4931
7386,4932
7383,4933
7376,4934
7382,4935
7383,4936
7371,4937
7363,4938
7345,4939
7303,4940
7263,4941
7236,4942
7233,4943
7240,4944
7232,4945
7223,4946
7217,4947
7209,4948
7188,4949
7180,4950
7196,4951
7224,4952
7281,4953
7374,4954
7473,4955
7552,4956
7602,4957
7645,4958
7692,4959
7758,4960
7841,4961
7928,4962
8026,4963
8107,4964
8182,4965
8208,4966
8287,4967
8439,4968
8515,4969
8680,4970
8763,4971
8808,4972
8793,4973
8615,4974
8331,4975
8030,4976
7735,4977
7503,4978
7329,4979
7236,4980
7196,4981
7214,4982
7231,4983
7289,4984
7417,4985
7604,4986
7794,4987
7937,4988
8006,4989
7991,4990
7923,4991
7832,4992
7795,4993
7832,4994
7926,4995
8050,4996
8143,4997
8194,4998
8207,4999
8176,5000
8125,5001
8111,5002
8136,5003
8158,5004
8168,5005
8174,5006
8198,5007
8232,5008
8275,5009
8328,5010
8369,5011
8361,5012
8317,5013
8236,5014
8133,5015
8025,5016
7924,5017
7852,5018
7814,5019
7803,5020
7835,5021
7884,5022
7916,5023
7922,5024
7922,5025
7922,5026
7933,5027
7939,5028
7946,5029
7973,5030
8011,5031
8047,5032
8067,5033
8060,5034
8041,5035
8023,5036
8003,5037
7991,5038
7962,5039
7910,5040
7827,5041
7716,5042
7594,5043
7470,5044
7353,5045
7260,5046
7195,5047
7176,5048
7183,5049
7187,5050
7163,5051
7114,5052
7060,5053
7017,5054
7019,5055
7042,5056
7037,5057
7016,5058
7015,5059
7023,5060
7038,5061
7048,5062
7080,5063
7119,5064
7154,5065
7189,5066
7212,5067
7230,5068
7253,5069
7287,5070
7321,5071
7337,5072
7335,5073
7303,5074
7267,5075
7257,5076
7260,5077
7253,5078
7222,5079
7153,5080
7089,5081
7064,5082
7069,5083
7099,5084
7137,5085
7171,5086
7213,5087
7258,5088
7288,5089
7321,5090
7335,5091
7317,5092
7284,5093
7240,5094
7214,5095
7218,5096
7237,5097
7268,5098
7289,5099
7317,5100
7341,5101
7370,5102
7393,5103
7402,5104
7377,5105
7297,5106
7188,5107
7073,5108
6989,5109
6966,5110
6991,5111
7044,5112
7091,5113
7139,5114
7153,5115
7120,5116
7074,5117
7041,5118
7031,5119
7038,5120
7040,5121
7022,5122
7003,5123
7002,5124
7029,5125
7082,5126
7133,5127
7176,5128
7233,5129
7312,5130
7399,5131
7487,5132
7558,5133
7597,5134
7605,5135
7602,5136
7628,5137
7693,5138
7796,5139
7920,5140
8040,5141
8159,5142
8259,5143
8323,5144
8334,5145
8290,5146
8202,5147
8098,5148
8004,5149
7957,5150
7961,5151
7992,5152
8038,5153
8092,5154
8134,5155
8151,5156
8143,5157
8136,5158
8107,5159
8045,5160
7970,5161
7898,5162
7851,5163
7841,5164
7860,5165
7890,5166
7895,5167
7892,5168
7902,5169
7934,5170
7981,5171
8041,5172
8068,5173
8054,5174
7997,5175
7916,5176
7845,5177
7802,5178
7785,5179
7794,5180
7824,5181
7881,5182
7969,5183
8075,5184
8188,5185
8293,5186
8368,5187
8412,5188
8425,5189
8431,5190
8442,5191
8456,5192
8460,5193
8456,5194
8419,5195
8351,5196
8267,5197
8188,5198
8103,5199
8023,5200
7950,5201
7891,5202
7851,5203
7802,5204
7748,5205
7678,5206
7597,5207
7512,5208
7421,5209
7335,5210
7267,5211
7230,5212
7225,5213
7233,5214
7216,5215
7187,5216
7161,5217
7138,5218
7109,5219
7107,5220
7138,5221
7158,5222
7159,5223
7160,5224
7169,5225
7201,5226
7251,5227
7312,5228
7336,5229
7343,5230
7335,5231
7290,5232
7231,5233
7189,5234
7178,5235
7204,5236
7230,5237
7233,5238
7207,5239
7174,5240
7172,5241
7185,5242
7180,5243
7175,5244
7192,5245
7216,5246
7260,5247
7322,5248
7386,5249
7409,5250
7379,5251
7309,5252
7236,5253
7186,5254
7176,5255
7176,5256
7173,5257
7182,5258
7196,5259
7191,5260
7180,5261
7165,5262
7145,5263
7097,5264
7023,5265
6952,5266
6907,5267
6915,5268
6977,5269
7066,5270
7141,5271
7172,5272
7155,5273
7118,5274
7070,5275
7033,5276
7011,5277
7008,5278
7034,5279
7077,5280
7095,5281
7095,5282
7089,5283
7099,5284
7146,5285
7208,5286
7263,5287
7281,5288
7289,5289
7275,5290
7267,5291
7274,5292
7293,5293
7326,5294
7358,5295
7407,5296
7475,5297
7535,5298
7571,5299
7591,5300
7599,5301
7615,5302
7653,5303
7723,5304
7816,5305
7918,5306
8010,5307
8061,5308
8092,5309
8122,5310
8151,5311
8175,5312
8181,5313
8147,5314
8176,5315
8104,5316
8110,5317
8082,5318
8040,5319
8021,5320
7984,5321
7923,5322
7891,5323
7899,5324
7924,5325
7933,5326
7929,5327
7972,5328
8010,5329
8075,5330
8180,5331
8271,5332
8319,5333
8351,5334
8406,5335
8449,5336
8511,5337
8582,5338
8607,5339
8572,5340
8491,5341
8398,5342
8306,5343
8241,5344
8217,5345
8187,5346
8148,5347
8105,5348
8094,5349
8091,5350
8086,5351
8057,5352
7970,5353
7848,5354
7680,5355
7511,5356
7355,5357
7262,5358
7277,5359
7383,5360
7566,5361
7765,5362
7975,5363
8150,5364
8263,5365
8330,5366
8352,5367
8343,5368
8310,5369
8276,5370
8239,5371
8217,5372
8190,5373
8143,5374
8103,5375
8083,5376
8072,5377
8071,5378
8063,5379
8028,5380
7950,5381
7834,5382
7693,5383
7554,5384
7411,5385
7275,5386
7175,5387
7121,5388
7105,5389
7113,5390
7117,5391
7106,5392
7086,5393
7081,5394
7107,5395
7153,5396
7223,5397
7303,5398
7385,5399
7432,5400
7438,5401
7431,5402
7395,5403
7330,5404
7267,5405
7245,5406
7250,5407
7274,5408
7284,5409
7287,5410
7277,5411
7231,5412
7166,5413
7100,5414
7006,5415
6894,5416
6753,5417
6635,5418
6595,5419
6578,5420
6548,5421
6526,5422
6526,5423
6534,5424
6581,5425
6628,5426
6642,5427
6628,5428
6630,5429
6669,5430
6759,5431
6861,5432
6935,5433
6965,5434
6972,5435
6950,5436
6934,5437
6956,5438
7010,5439
7058,5440
7108,5441
7182,5442
7270,5443
7367,5444
7454,5445
7576,5446
7696,5447
7808,5448
7886,5449
7910,5450
7889,5451
7849,5452
7823,5453
7805,5454
7783,5455
7690,5456
7554,5457
7390,5458
7229,5459
7111,5460
7045,5461
6958,5462
6864,5463
6793,5464
6769,5465
6810,5466
6902,5467
7026,5468
7161,5469
7278,5470
7368,5471
7425,5472
7440,5473
7437,5474
7445,5475
7471,5476
7503,5477
7523,5478
7540,5479
7588,5480
7650,5481
7720,5482
7796,5483
7856,5484
7893,5485
7907,5486
7906,5487
7913,5488
7907,5489
7872,5490
7837,5491
7790,5492
7768,5493
7768,5494
7793,5495
7828,5496
7863,5497
7905,5498
7921,5499
7921,5500
7905,5501
7892,5502
7880,5503
7838,5504
7783,5505
7756,5506
7748,5507
7765,5508
7788,5509
7811,5510
7839,5511
7859,5512
7885,5513
7912,5514
7946,5515
8000,5516
8065,5517
8115,5518
8121,5519
8089,5520
8031,5521
7985,5522
7963,5523
7960,5524
7971,5525
7974,5526
7977,5527
7974,5528
7993,5529
8013,5530
8032,5531
8039,5532
8039,5533
8039,5534
8034,5535
8021,5536
8002,5537
7991,5538
7979,5539
7978,5540
7987,5541
8003,5542
8018,5543
8032,5544
8046,5545
8048,5546
8040,5547
8018,5548
7957,5549
7866,5550
7743,5551
7610,5552
7507,5553
7427,5554
7388,5555
7382,5556
7417,5557
7459,5558
7491,5559
7498,5560
7498,5561
7498,5562
7501,5563
7486,5564
7464,5565
7420,5566
7356,5567
7307,5568
7269,5569
7248,5570
7226,5571
7217,5572
7233,5573
7254,5574
7279,5575
7306,5576
7342,5577
7375,5578
7393,5579
7399,5580
7407,5581
7416,5582
7429,5583
7459,5584
7493,5585
7515,5586
7524,5587
7524,5588
7524,5589
7524,5590
7514,5591
7504,5592
7468,5593
7390,5594
7306,5595
7236,5596
7189,5597
7121,5598
7024,5599
6937,5600
6848,5601
6781,5602
6766,5603
6800,5604
6827,5605
6824,5606
6804,5607
6802,5608
6796,5609
6796,5610
6808,5611
6830,5612
6863,5613
6898,5614
6950,5615
7020,5616
7099,5617
7170,5618
7215,5619
7236,5620
7248,5621
7248,5622
7265,5623
7298,5624
7329,5625
7352,5626
7357,5627
7375,5628
7404,5629
7429,5630
7459,5631
7463,5632
7455,5633
7413,5634
7374,5635
7363,5636
7362,5637
7334,5638
7280,5639
7195,5640
7098,5641
7025,5642
6997,5643
7004,5644
7048,5645
7105,5646
7147,5647
7169,5648
7173,5649
7147,5650
7124,5651
7102,5652
7075,5653
7043,5654
7024,5655
7006,5656
6998,5657
7003,5658
7045,5659
7125,5660
7227,5661
7369,5662
7538,5663
7788,5664
7948,5665
8069,5666
8223,5667
8344,5668
8452,5669
8568,5670
8632,5671
8726,5672
8838,5673
8958,5674
9070,5675
9191,5676
9283,5677
9332,5678
9321,5679
9256,5680
9115,5681
8917,5682
8657,5683
8300,5684
7961,5685
7672,5686
7445,5687
7323,5688
7266,5689
7233,5690
7264,5691
7354,5692
7465,5693
7576,5694
7688,5695
7804,5696
7905,5697
7977,5698
7992,5699
7976,5700
7943,5701
7938,5702
7971,5703
8025,5704
8067,5705
8081,5706
8081,5707
8088,5708
8113,5709
8176,5710
8265,5711
8349,5712
8412,5713
8453,5714
8468,5715
8472,5716
8464,5717
8434,5718
8383,5719
8304,5720
8221,5721
8139,5722
8059,5723
7995,5724
7937,5725
7900,5726
7871,5727
7816,5728
7724,5729
7600,5730
7470,5731
7377,5732
7335,5733
7330,5734
7357,5735
7388,5736
7427,5737
7475,5738
7538,5739
7607,5740
7663,5741
7685,5742
7655,5743
7590,5744
7493,5745
7414,5746
7346,5747
7266,5748
7192,5749
7166,5750
7190,5751
7254,5752
7351,5753
7456,5754
7526,5755
7537,5756
7494,5757
7440,5758
7393,5759
7379,5760
7370,5761
7354,5762
7340,5763
7310,5764
7253,5765
7150,5766
7053,5767
6972,5768
6936,5769
6938,5770
6963,5771
6981,5772
6976,5773
6955,5774
6922,5775
6887,5776
6858,5777
6856,5778
6884,5779
6899,5780
6905,5781
6912,5782
6941,5783
6984,5784
7041,5785
7095,5786
7140,5787
7170,5788
7176,5789
7176,5790
7191,5791
7211,5792
7238,5793
7257,5794
7257,5795
7229,5796
7191,5797
7143,5798
7121,5799
7124,5800
7135,5801
7143,5802
7137,5803
7138,5804
7145,5805
7138,5806
7104,5807
7032,5808
6934,5809
6806,5810
6698,5811
6631,5812
6597,5813
6604,5814
6638,5815
6650,5816
6609,5817
6528,5818
6406,5819
6292,5820
6196,5821
6128,5822
6084,5823
6073,5824
6131,5825
6242,5826
6377,5827
6510,5828
6606,5829
6641,5830
6638,5831
6612,5832
6604,5833
6648,5834
6721,5835
6806,5836
6877,5837
6928,5838
7033,5839
7151,5840
7260,5841
7361,5842
7433,5843
7453,5844
7430,5845
7388,5846
7373,5847
7384,5848
7429,5849
7502,5850
7607,5851
7706,5852
7803,5853
7860,5854
7902,5855
7946,5856
7959,5857
7929,5858
7826,5859
7698,5860
7608,5861
7579,5862
7589,5863
7631,5864
7702,5865
7780,5866
7861,5867
7930,5868
7976,5869
8020,5870
8079,5871
8107,5872
8163,5873
8237,5874
8293,5875
8305,5876
8261,5877
8187,5878
8094,5879
7975,5880
7885,5881
7844,5882
7833,5883
7840,5884
7883,5885
7968,5886
8080,5887
8242,5888
8383,5889
8516,5890
8636,5891
8734,5892
8822,5893
8885,5894
8916,5895
8939,5896
8950,5897
8932,5898
8878,5899
8805,5900
8747,5901
8706,5902
8674,5903
8645,5904
8612,5905
8588,5906
8577,5907
8639,5908
8671,5909
8663,5910
8718,5911
8692,5912
8704,5913
8715,5914
8700,5915
8666,5916
8593,5917
8465,5918
8302,5919
8135,5920
8030,5921
8005,5922
8061,5923
8167,5924
8281,5925
8383,5926
8447,5927
8477,5928
8507,5929
8576,5930
8664,5931
8786,5932
8929,5933
9040,5934
9081,5935
9079,5936
9045,5937
8995,5938
8968,5939
8961,5940
8973,5941
8981,5942
8967,5943
8909,5944
8837,5945
8772,5946
8707,5947
8667,5948
8656,5949
8670,5950
8704,5951
8732,5952
8751,5953
8781,5954
8828,5955
8879,5956
8937,5957
8994,5958
9056,5959
9102,5960
9120,5961
9163,5962
9218,5963
9252,5964
9283,5965
9318,5966
9332,5967
9340,5968
9337,5969
9343,5970
9361,5971
9373,5972
9373,5973
9391,5974
9408,5975
9423,5976
9484,5977
9542,5978
9602,5979
9637,5980
9631,5981
9575,5982
9481,5983
9360,5984
9267,5985
9216,5986
9196,5987
9205,5988
9238,5989
9261,5990
9253,5991
9214,5992
9132,5993
9031,5994
8951,5995
8876,5996
8828,5997
8816,5998
8820,5999
8855,6000
8929,6001
9025,6002
9124,6003
9195,6004
9255,6005
9340,6006
9439,6007
9556,6008
9665,6009
9734,6010
9754,6011
9757,6012
9772,6013
9790,6014
9830,6015
9907,6016
9972,6017
10011,6018
10009,6019
9957,6020
9841,6021
9696,6022
9550,6023
9451,6024
9398,6025
9389,6026
9409,6027
9448,6028
9472,6029
9467,6030
9421,6031
9338,6032
9225,6033
9107,6034
9001,6035
8911,6036
8854,6037
8806,6038
8774,6039
8761,6040
8767,6041
8789,6042
8834,6043
8881,6044
8938,6045
9000,6046
9090,6047
9189,6048
9275,6049
9334,6050
9353,6051
9347,6052
9347,6053
9364,6054
9404,6055
9451,6056
9486,6057
9481,6058
9422,6059
9300,6060
9150,6061
9050,6062
8987,6063
8934,6064
8864,6065
8787,6066
8721,6067
8655,6068
8610,6069
8596,6070
8589,6071
8558,6072
8520,6073
8500,6074
8482,6075
8460,6076
8404,6077
8322,6078
8207,6079
8085,6080
7991,6081
7951,6082
7953,6083
7981,6084
8046,6085
8141,6086
8214,6087
8244,6088
8249,6089
8249,6090
8250,6091
8229,6092
8217,6093
8217,6094
8217,6095
8185,6096
8130,6097
8079,6098
7993,6099
7879,6100
7758,6101
7642,6102
7583,6103
7579,6104
7621,6105
7657,6106
7690,6107
7705,6108
7688,6109
7675,6110
7682,6111
7704,6112
7706,6113
7686,6114
7655,6115
7615,6116
7606,6117
7634,6118
7672,6119
7729,6120
7774,6121
7832,6122
7913,6123
7960,6124
7966,6125
7928,6126
7869,6127
7834,6128
7825,6129
7842,6130
7870,6131
7883,6132
7892,6133
7927,6134
7977,6135
8023,6136
8042,6137
8014,6138
7949,6139
7850,6140
7748,6141
7660,6142
7596,6143
7555,6144
7550,6145
7558,6146
7574,6147
7566,6148
7510,6149
7401,6150
7242,6151
7049,6152
6904,6153
6807,6154
6791,6155
6832,6156
6926,6157
7070,6158
7187,6159
7263,6160
7294,6161
7289,6162
7238,6163
7168,6164
7122,6165
7091,6166
7046,6167
7002,6168
6981,6169
6997,6170
7036,6171
7063,6172
7044,6173
6994,6174
6933,6175
6865,6176
6823,6177
6820,6178
6842,6179
6884,6180
6948,6181
7049,6182
7160,6183
7276,6184
7385,6185
7470,6186
7509,6187
7499,6188
7443,6189
7379,6190
7346,6191
7342,6192
7362,6193
7390,6194
7396,6195
7386,6196
7368,6197
7333,6198
7287,6199
7253,6200
7233,6201
7238,6202
7245,6203
7223,6204
7162,6205
7056,6206
6964,6207
6902,6208
6857,6209
6837,6210
6853,6211
6880,6212
6935,6213
7010,6214
7075,6215
7096,6216
7101,6217
7079,6218
7032,6219
6952,6220
6861,6221
6802,6222
6779,6223
6770,6224
6766,6225
6769,6226
6772,6227
6764,6228
6712,6229
6633,6230
6510,6231
6379,6232
6269,6233
6192,6234
6175,6235
6230,6236
6347,6237
6477,6238
6597,6239
6724,6240
6850,6241
6941,6242
6953,6243
6946,6244
6996,6245
7083,6246
7179,6247
7263,6248
7317,6249
7340,6250
7326,6251
7313,6252
7339,6253
7376,6254
7425,6255
7458,6256
7465,6257
7447,6258
7446,6259
7476,6260
7522,6261
7548,6262
7544,6263
7511,6264
7446,6265
7395,6266
7351,6267
7298,6268
7262,6269
7267,6270
7299,6271
7333,6272
7354,6273
7379,6274
7436,6275
7529,6276
7652,6277
7804,6278
7946,6279
8062,6280
8127,6281
8165,6282
8209,6283
8232,6284
8283,6285
8350,6286
8430,6287
8492,6288
8503,6289
8465,6290
8363,6291
8246,6292
8118,6293
7979,6294
7903,6295
7873,6296
7896,6297
7977,6298
8076,6299
8168,6300
8244,6301
8261,6302
8236,6303
8162,6304
8083,6305
7994,6306
7898,6307
7811,6308
7782,6309
7830,6310
7962,6311
8140,6312
8355,6313
8569,6314
8787,6315
8942,6316
9023,6317
9044,6318
8985,6319
8859,6320
8698,6321
8594,6322
8595,6323
8573,6324
8667,6325
8757,6326
8863,6327
8992,6328
9066,6329
9107,6330
9131,6331
9078,6332
8888,6333
8614,6334
8343,6335
8149,6336
8042,6337
8013,6338
8033,6339
8078,6340
8174,6341
8274,6342
8336,6343
8425,6344
8549,6345
8702,6346
8873,6347
9003,6348
9091,6349
9124,6350
9048,6351
8898,6352
8747,6353
8687,6354
8722,6355
8818,6356
8955,6357
9109,6358
9253,6359
9346,6360
9353,6361
9311,6362
9267,6363
9223,6364
9176,6365
9127,6366
9097,6367
9096,6368
9091,6369
9047,6370
8983,6371
8893,6372
8770,6373
8673,6374
8652,6375
8695,6376
8798,6377
8916,6378
9034,6379
9129,6380
9194,6381
9208,6382
9225,6383
9262,6384
9327,6385
9409,6386
9496,6387
9573,6388
9634,6389
9691,6390
9742,6391
9793,6392
9840,6393
9876,6394
9857,6395
9763,6396
9607,6397
9408,6398
9196,6399
9034,6400
8975,6401
9011,6402
9104,6403
9192,6404
9233,6405
9240,6406
9240,6407
9235,6408
9205,6409
9157,6410
9076,6411
8978,6412
8873,6413
8799,6414
8777,6415
8824,6416
8918,6417
9019,6418
9111,6419
9149,6420
9150,6421
9144,6422
9164,6423
9229,6424
9316,6425
9404,6426
9473,6427
9533,6428
9601,6429
9655,6430
9689,6431
9659,6432
9574,6433
9487,6434
9449,6435
9453,6436
9463,6437
9466,6438
9483,6439
9494,6440
9462,6441
9420,6442
9369,6443
9308,6444
9252,6445
9227,6446
9217,6447
9205,6448
9205,6449
9210,6450
9191,6451
9147,6452
9063,6453
8985,6454
8909,6455
8860,6456
8826,6457
8811,6458
8815,6459
8836,6460
8843,6461
8824,6462
8776,6463
8711,6464
8629,6465
8565,6466
8527,6467
8511,6468
8495,6469
8495,6470
8492,6471
8491,6472
8474,6473
8442,6474
8395,6475
8346,6476
8311,6477
8270,6478
8208,6479
8140,6480
8071,6481
8000,6482
7935,6483
7881,6484
7850,6485
7848,6486
7863,6487
7868,6488
7887,6489
7929,6490
7968,6491
8008,6492
8044,6493
8058,6494
8029,6495
7983,6496
7929,6497
7879,6498
7814,6499
7740,6500
7690,6501
7656,6502
7629,6503
7590,6504
7516,6505
7406,6506
7265,6507
7140,6508
7048,6509
6996,6510
6979,6511
6942,6512
6895,6513
6882,6514
6879,6515
6889,6516
6904,6517
6939,6518
6987,6519
7018,6520
7070,6521
7185,6522
7336,6523
7502,6524
7625,6525
7678,6526
7680,6527
7658,6528
7643,6529
7652,6530
7711,6531
7795,6532
7885,6533
7970,6534
8106,6535
8242,6536
8364,6537
8451,6538
8496,6539
8493,6540
8436,6541
8345,6542
8251,6543
8164,6544
8094,6545
8020,6546
7949,6547
7913,6548
7892,6549
7889,6550
7889,6551
7853,6552
7773,6553
7639,6554
7485,6555
7312,6556
7131,6557
6939,6558
6769,6559
6638,6560
6560,6561
6576,6562
6698,6563
6866,6564
7041,6565
7184,6566
7296,6567
7351,6568
7372,6569
7380,6570
7363,6571
7299,6572
7196,6573
7131,6574
7111,6575
7126,6576
7170,6577
7197,6578
7190,6579
7172,6580
7153,6581
7126,6582
7107,6583
7095,6584
7094,6585
7102,6586
7105,6587
7088,6588
7079,6589
7079,6590
7097,6591
7105,6592
7066,6593
6989,6594
6901,6595
6831,6596
6797,6597
6801,6598
6807,6599
6812,6600
6840,6601
6874,6602
6931,6603
6998,6604
7050,6605
7100,6606
7120,6607
7088,6608
7037,6609
6961,6610
6897,6611
6866,6612
6856,6613
6820,6614
6782,6615
6726,6616
6660,6617
6592,6618
6522,6619
6465,6620
6471,6621
6516,6622
6570,6623
6639,6624
6765,6625
6926,6626
7126,6627
7354,6628
7601,6629
7811,6630
7983,6631
8077,6632
8126,6633
8146,6634
8149,6635
8149,6636
8146,6637
8156,6638
8159,6639
8163,6640
8150,6641
8132,6642
8103,6643
8065,6644
7982,6645
7834,6646
7627,6647
7393,6648
7154,6649
6936,6650
6756,6651
6626,6652
6540,6653
6449,6654
6401,6655
6420,6656
6544,6657
6701,6658
6836,6659
6949,6660
7049,6661
7131,6662
7150,6663
7090,6664
6986,6665
6860,6666
6749,6667
6670,6668
6630,6669
6668,6670
6763,6671
6875,6672
6974,6673
7036,6674
7073,6675
7096,6676
7105,6677
7087,6678
7055,6679
7034,6680
7030,6681
7061,6682
7106,6683
7122,6684
7122,6685
7114,6686
7114,6687
7123,6688
7123,6689
7132,6690
7163,6691
7210,6692
7278,6693
7375,6694
7481,6695
7574,6696
7644,6697
7706,6698
7742,6699
7770,6700
7791,6701
7809,6702
7819,6703
7819,6704
7804,6705
7803,6706
7820,6707
7821,6708
7806,6709
7786,6710
7757,6711
7754,6712
7773,6713
7796,6714
7792,6715
7792,6716
7823,6717
7843,6718
7865,6719
7886,6720
7890,6721
7893,6722
7884,6723
7874,6724
7871,6725
7898,6726
7952,6727
8046,6728
8146,6729
8245,6730
8360,6731
8477,6732
8592,6733
8694,6734
8783,6735
8868,6736
8929,6737
8942,6738
8936,6739
8975,6740
9036,6741
9125,6742
9243,6743
9325,6744
9348,6745
9325,6746
9328,6747
9364,6748
9431,6749
9556,6750
9686,6751
9759,6752
9818,6753
9845,6754
9833,6755
9746,6756
9525,6757
9146,6758
8748,6759
8386,6760
8129,6761
7973,6762
7893,6763
7959,6764
8059,6765
8112,6766
8146,6767
8195,6768
8242,6769
8303,6770
8338,6771
8377,6772
8463,6773
8526,6774
8567,6775
8622,6776
8649,6777
8614,6778
8554,6779
8512,6780
8514,6781
8526,6782
8533,6783
8516,6784
8505,6785
8463,6786
8412,6787
8412,6788
8459,6789
8536,6790
8641,6791
8763,6792
8897,6793
9014,6794
9095,6795
9141,6796
9153,6797
9147,6798
9093,6799
9037,6800
8997,6801
8966,6802
8925,6803
8873,6804
8839,6805
8831,6806
8838,6807
8862,6808
8881,6809
8903,6810
8925,6811
8946,6812
8988,6813
9033,6814
9057,6815
9064,6816
9025,6817
8987,6818
8969,6819
8965,6820
8986,6821
9030,6822
9078,6823
9140,6824
9206,6825
9284,6826
9374,6827
9465,6828
9537,6829
9574,6830
9567,6831
9537,6832
9506,6833
9478,6834
9469,6835
9472,6836
9482,6837
9494,6838
9505,6839
9502,6840
9497,6841
9488,6842
9469,6843
9438,6844
9400,6845
9384,6846
9381,6847
9381,6848
9405,6849
9417,6850
9414,6851
9400,6852
9400,6853
9407,6854
9413,6855
9430,6856
9447,6857
9451,6858
9427,6859
9404,6860
9372,6861
9314,6862
9251,6863
9203,6864
9178,6865
9172,6866
9183,6867
9190,6868
9182,6869
9164,6870
9155,6871
9155,6872
9182,6873
9211,6874
9245,6875
9274,6876
9285,6877
9288,6878
9304,6879
9345,6880
9398,6881
9452,6882
9498,6883
9533,6884
9568,6885
9621,6886
9699,6887
9757,6888
9796,6889
9807,6890
9801,6891
9796,6892
9799,6893
9799,6894
9792,6895
9783,6896
9792,6897
9793,6898
9774,6899
9740,6900
9679,6901
9586,6902
9463,6903
9301,6904
9131,6905
8927,6906
8748,6907
8584,6908
8439,6909
8323,6910
8218,6911
8127,6912
8054,6913
7986,6914
7940,6915
7944,6916
8000,6917
8083,6918
8188,6919
8316,6920
8474,6921
8636,6922
8786,6923
8907,6924
8948,6925
8926,6926
8852,6927
8772,6928
8698,6929
8624,6930
8551,6931
8485,6932
8420,6933
8362,6934
8330,6935
8327,6936
8319,6937
8268,6938
8166,6939
8030,6940
7885,6941
7726,6942
7565,6943
7425,6944
7326,6945
7300,6946
7321,6947
7360,6948
7399,6949
7411,6950
7392,6951
7391,6952
7402,6953
7386,6954
7349,6955
7308,6956
7247,6957
7187,6958
7158,6959
7164,6960
7180,6961
7201,6962
7247,6963
7296,6964
7344,6965
7413,6966
7525,6967
7672,6968
7852,6969
7990,6970
8052,6971
8079,6972
8104,6973
8113,6974
8090,6975
8023,6976
7910,6977
7784,6978
7671,6979
7547,6980
7435,6981
7383,6982
7397,6983
7440,6984
7470,6985
7472,6986
7455,6987
7446,6988
7460,6989
7514,6990
7591,6991
7666,6992
7728,6993
7754,6994
7759,6995
7750,6996
7735,6997
7716,6998
7708,6999
7713,7000
7730,7001
7766,7002
7812,7003
7856,7004
7915,7005
7966,7006
8008,7007
8034,7008
8031,7009
7973,7010
7868,7011
7716,7012
7568,7013
7437,7014
7343,7015
7302,7016
7300,7017
7303,7018
7288,7019
7256,7020
7187,7021
7097,7022
6989,7023
6882,7024
6793,7025
6705,7026
6650,7027
6657,7028
6718,7029
6818,7030
6936,7031
6981,7032
6977,7033
6935,7034
6883,7035
6847,7036
6843,7037
6884,7038
6956,7039
7052,7040
7167,7041
7284,7042
7413,7043
7516,7044
7583,7045
7591,7046
7555,7047
7497,7048
7444,7049
7408,7050
7396,7051
7429,7052
7492,7053
7569,7054
7655,7055
7719,7056
7758,7057
7778,7058
7769,7059
7754,7060
7736,7061
7698,7062
7654,7063
7622,7064
7588,7065
7573,7066
7556,7067
7528,7068
7482,7069
7418,7070
7339,7071
7237,7072
7109,7073
6971,7074
6842,7075
6707,7076
6597,7077
6503,7078
6444,7079
6445,7080
6478,7081
6503,7082
6547,7083
6623,7084
6712,7085
6785,7086
6813,7087
6804,7088
6778,7089
6753,7090
6735,7091
6727,7092
6733,7093
6736,7094
6719,7095
6701,7096
6700,7097
6717,7098
6756,7099
6811,7100
6861,7101
6900,7102
6933,7103
6967,7104
7001,7105
7047,7106
7098,7107
7144,7108
7161,7109
7164,7110
7157,7111
7157,7112
7159,7113
7169,7114
7180,7115
7188,7116
7197,7117
7216,7118
7252,7119
7313,7120
7378,7121
7437,7122
7486,7123
7517,7124
7529,7125
7539,7126
7554,7127
7562,7128
7583,7129
7612,7130
7645,7131
7704,7132
7775,7133
7852,7134
7932,7135
8002,7136
8051,7137
8073,7138
8063,7139
8030,7140
8001,7141
7996,7142
7990,7143
7975,7144
7943,7145
7887,7146
7803,7147
7711,7148
7620,7149
7541,7150
7511,7151
7525,7152
7576,7153
7641,7154
7711,7155
7760,7156
7772,7157
7752,7158
7724,7159
7702,7160
7694,7161
7689,7162
7683,7163
7693,7164
7726,7165
7781,7166
7888,7167
8023,7168
8143,7169
8270,7170
8391,7171
8470,7172
8518,7173
8512,7174
8492,7175
8479,7176
8476,7177
8490,7178
8510,7179
8533,7180
8563,7181
8598,7182
8723,7183
8801,7184
8808,7185
8760,7186
8744,7187
8685,7188
8703,7189
8704,7190
8713,7191
8732,7192
8740,7193
8704,7194
8635,7195
8543,7196
8462,7197
8397,7198
8312,7199
8235,7200
8134,7201
8036,7202
7999,7203
7994,7204
8009,7205
8089,7206
8213,7207
8336,7208
8440,7209
8501,7210
8565,7211
8657,7212
8770,7213
8928,7214
9099,7215
9252,7216
9393,7217
9473,7218
9456,7219
9356,7220
9227,7221
9109,7222
9022,7223
8996,7224
9012,7225
9074,7226
9153,7227
9235,7228
9304,7229
9332,7230
9285,7231
9211,7232
9138,7233
9088,7234
9043,7235
9035,7236
9032,7237
9026,7238
9051,7239
9091,7240
9151,7241
9214,7242
9274,7243
9340,7244
9395,7245
9449,7246
9484,7247
9490,7248
9453,7249
9428,7250
9431,7251
9449,7252
9476,7253
9498,7254
9505,7255
9486,7256
9462,7257
9449,7258
9454,7259
9464,7260
9465,7261
9448,7262
9416,7263
9390,7264
9368,7265
9344,7266
9320,7267
9294,7268
9272,7269
9251,7270
9222,7271
9190,7272
9150,7273
9111,7274
9067,7275
9025,7276
8989,7277
8967,7278
8965,7279
8985,7280
9028,7281
9088,7282
9137,7283
9177,7284
9209,7285
9231,7286
9260,7287
9312,7288
9376,7289
9434,7290
9480,7291
9493,7292
9490,7293
9487,7294
9487,7295
9488,7296
9494,7297
9502,7298
9508,7299
9528,7300
9561,7301
9611,7302
9665,7303
9732,7304
9781,7305
9797,7306
9778,7307
9722,7308
9666,7309
9616,7310
9580,7311
9535,7312
9493,7313
9429,7314
9335,7315
9209,7316
9072,7317
8929,7318
8796,7319
8695,7320
8649,7321
8638,7322
8653,7323
8685,7324
8714,7325
8716,7326
8687,7327
8620,7328
8532,7329
8431,7330
8324,7331
8237,7332
8139,7333
8060,7334
7933,7335
7772,7336
7660,7337
7584,7338
7556,7339
7577,7340
7611,7341
7611,7342
7605,7343
7555,7344
7453,7345
7331,7346
7208,7347
7168,7348
7171,7349
7220,7350
7319,7351
7416,7352
7452,7353
7471,7354
7513,7355
7549,7356
7556,7357
7556,7358
7559,7359
7545,7360
7523,7361
7511,7362
7517,7363
7534,7364
7536,7365
7517,7366
7478,7367
7436,7368
7400,7369
7366,7370
7325,7371
7288,7372
7259,7373
7236,7374
7226,7375
7223,7376
7220,7377
7269,7378
7356,7379
7395,7380
7373,7381
7369,7382
7377,7383
7318,7384
7259,7385
7233,7386
7230,7387
7167,7388
7065,7389
6956,7390
6861,7391
6840,7392
6861,7393
6855,7394
6820,7395
6763,7396
6709,7397
6673,7398
6667,7399
6664,7400
6657,7401
6657,7402
6672,7403
6675,7404
6676,7405
6678,7406
6695,7407
6729,7408
6787,7409
6858,7410
6956,7411
7082,7412
7205,7413
7401,7414
7624,7415
7824,7416
7999,7417
8113,7418
8140,7419
8108,7420
7991,7421
7822,7422
7679,7423
7613,7424
7638,7425
7670,7426
7666,7427
7672,7428
7796,7429
8037,7430
8294,7431
8552,7432
8793,7433
8930,7434
8957,7435
8881,7436
8764,7437
8595,7438
8372,7439
8166,7440
7958,7441
7769,7442
7646,7443
7582,7444
7541,7445
7543,7446
7587,7447
7668,7448
7737,7449
7769,7450
7762,7451
7731,7452
7678,7453
7619,7454
7567,7455
7506,7456
7409,7457
7299,7458
7180,7459
7067,7460
6969,7461
6921,7462
6937,7463
6990,7464
7051,7465
7088,7466
7087,7467
7045,7468
6978,7469
6888,7470
6798,7471
6705,7472
6635,7473
6600,7474
6607,7475
6687,7476
6814,7477
6957,7478
7146,7479
7340,7480
7496,7481
7565,7482
7537,7483
7407,7484
7241,7485
7091,7486
6977,7487
6913,7488
6886,7489
6904,7490
6943,7491
6987,7492
7022,7493
7065,7494
7090,7495
7110,7496
7130,7497
7142,7498
7148,7499
7148,7500
7167,7501
7218,7502
7297,7503
7403,7504
7503,7505
7592,7506
7675,7507
7739,7508
7776,7509
7774,7510
7726,7511
7668,7512
7628,7513
7586,7514
7544,7515
7498,7516
7446,7517
7389,7518
7338,7519
7299,7520
7257,7521
7222,7522
7207,7523
7214,7524
7235,7525
7244,7526
7228,7527
7187,7528
7133,7529
7110,7530
7130,7531
7207,7532
7312,7533
7414,7534
7500,7535
7577,7536
7648,7537
7725,7538
7785,7539
7812,7540
7839,7541
7837,7542
7808,7543
7773,7544
7756,7545
7759,7546
7774,7547
7775,7548
7775,7549
7774,7550
7780,7551
7821,7552
7877,7553
7948,7554
8014,7555
8081,7556
8153,7557
8201,7558
8199,7559
8176,7560
8141,7561
8109,7562
8107,7563
8131,7564
8175,7565
8241,7566
8302,7567
8362,7568
8411,7569
8432,7570
8409,7571
8334,7572
8228,7573
8111,7574
7990,7575
7875,7576
7781,7577
7709,7578
7671,7579
7653,7580
7662,7581
7671,7582
7677,7583
7659,7584
7634,7585
7603,7586
7574,7587
7549,7588
7517,7589
7469,7590
7407,7591
7359,7592
7321,7593
7297,7594
7296,7595
7290,7596
7286,7597
7300,7598
7312,7599
7316,7600
7298,7601
7278,7602
7229,7603
7147,7604
7066,7605
7014,7606
6960,7607
6909,7608
6864,7609
6825,7610
6813,7611
6845,7612
6910,7613
6993,7614
7071,7615
7130,7616
7172,7617
7192,7618
7215,7619
7258,7620
7321,7621
7413,7622
7482,7623
7509,7624
7459,7625
7339,7626
7200,7627
7089,7628
7021,7629
6995,7630
6988,7631
6982,7632
6955,7633
6928,7634
6899,7635
6881,7636
6858,7637
6826,7638
6796,7639
6783,7640
6780,7641
6799,7642
6831,7643
6879,7644
6953,7645
7041,7646
7143,7647
7228,7648
7250,7649
7233,7650
7191,7651
7147,7652
7137,7653
7165,7654
7207,7655
7261,7656
7302,7657
7335,7658
7369,7659
7413,7660
7452,7661
7440,7662
7454,7663
7441,7664
7442,7665
7495,7666
7596,7667
7762,7668
7963,7669
8191,7670
8409,7671
8599,7672
8709,7673
8736,7674
8735,7675
8688,7676
8612,7677
8574,7678
8568,7679
8583,7680
8597,7681
8592,7682
8590,7683
8598,7684
8611,7685
8633,7686
8646,7687
8646,7688
8647,7689
8648,7690
8616,7691
8561,7692
8464,7693
8334,7694
8181,7695
8045,7696
7969,7697
7941,7698
7948,7699
7987,7700
8038,7701
8083,7702
8105,7703
8113,7704
8082,7705
8025,7706
7949,7707
7863,7708
7780,7709
7712,7710
7656,7711
7613,7712
7581,7713
7563,7714
7554,7715
7547,7716
7534,7717
7523,7718
7500,7719
7481,7720
7461,7721
7449,7722
7420,7723
7377,7724
7319,7725
7257,7726
7199,7727
7154,7728
7128,7729
7114,7730
7122,7731
7116,7732
7069,7733
6985,7734
6892,7735
6842,7736
6841,7737
6870,7738
6883,7739
6883,7740
6865,7741
6827,7742
6797,7743
6815,7744
6857,7745
6907,7746
6939,7747
6957,7748
6994,7749
7071,7750
7198,7751
7360,7752
7496,7753
7575,7754
7577,7755
7513,7756
7406,7757
7312,7758
7278,7759
7286,7760
7315,7761
7327,7762
7342,7763
7355,7764
7363,7765
7355,7766
7336,7767
7323,7768
7307,7769
7275,7770
7239,7771
7199,7772
7167,7773
7171,7774
7216,7775
7305,7776
7415,7777
7549,7778
7686,7779
7796,7780
7848,7781
7856,7782
7809,7783
7741,7784
7691,7785
7671,7786
7679,7787
7695,7788
7697,7789
7667,7790
7598,7791
7495,7792
7351,7793
7209,7794
7093,7795
6999,7796
6954,7797
6954,7798
6979,7799
7011,7800
7049,7801
7113,7802
7178,7803
7210,7804
7211,7805
7192,7806
7185,7807
7191,7808
7200,7809
7229,7810
7275,7811
7348,7812
7425,7813
7500,7814
7572,7815
7632,7816
7673,7817
7692,7818
7707,7819
7740,7820
7802,7821
7882,7822
8005,7823
8116,7824
8214,7825
8272,7826
8305,7827
8328,7828
8371,7829
8404,7830
8413,7831
8410,7832
8413,7833
8420,7834
8423,7835
8423,7836
8417,7837
8408,7838
8397,7839
8380,7840
8360,7841
8313,7842
8236,7843
8149,7844
8082,7845
8022,7846
7995,7847
7971,7848
7953,7849
7931,7850
7898,7851
7843,7852
7790,7853
7721,7854
7647,7855
7572,7856
7496,7857
7449,7858
7442,7859
7457,7860
7463,7861
7447,7862
7423,7863
7380,7864
7317,7865
7233,7866
7139,7867
7088,7868
7070,7869
7098,7870
7137,7871
7147,7872
7099,7873
7016,7874
6935,7875
6895,7876
6879,7877
6856,7878
6837,7879
6844,7880
6896,7881
6966,7882
7046,7883
7124,7884
7200,7885
7235,7886
7227,7887
7198,7888
7194,7889
7212,7890
7252,7891
7301,7892
7336,7893
7344,7894
7313,7895
7282,7896
7253,7897
7194,7898
7147,7899
7099,7900
7087,7901
7121,7902
7180,7903
7259,7904
7341,7905
7421,7906
7487,7907
7520,7908
7514,7909
7468,7910
7392,7911
7331,7912
7294,7913
7281,7914
7304,7915
7342,7916
7364,7917
7357,7918
7315,7919
7260,7920
7175,7921
7100,7922
7064,7923
7042,7924
7021,7925
6990,7926
6967,7927
6955,7928
7001,7929
6933,7930
6938,7931
6839,7932
6741,7933
6653,7934
6612,7935
6600,7936
6668,7937
6781,7938
6893,7939
6982,7940
7068,7941
7185,7942
7299,7943
7428,7944
7575,7945
7716,7946
7828,7947
7909,7948
8004,7949
8070,7950
8093,7951
8071,7952
8007,7953
7912,7954
7792,7955
7657,7956
7539,7957
7468,7958
7411,7959
7353,7960
7270,7961
7176,7962
7067,7963
6987,7964
6954,7965
6943,7966
7019,7967
7020,7968
7089,7969
7163,7970
7259,7971
7391,7972
7534,7973
7680,7974
7829,7975
7939,7976
8013,7977
8029,7978
8038,7979
8059,7980
8083,7981
8088,7982
8094,7983
8076,7984
8027,7985
7948,7986
7880,7987
7860,7988
7884,7989
7946,7990
8024,7991
8115,7992
8245,7993
8408,7994
8610,7995
8824,7996
9029,7997
9206,7998
9285,7999
9238,8000
9117,8001
8987,8002
8858,8003
8804,8004
8825,8005
8910,8006
9051,8007
9206,8008
9330,8009
9428,8010
9483,8011
9477,8012
9419,8013
9331,8014
9261,8015
9232,8016
9194,8017
9156,8018
9155,8019
9193,8020
9255,8021
9350,8022
9459,8023
9531,8024
9558,8025
9536,8026
9507,8027
9486,8028
9461,8029
9418,8030
9387,8031
9383,8032
9408,8033
9446,8034
9495,8035
9529,8036
9548,8037
9549,8038
9574,8039
9605,8040
9635,8041
9649,8042
9630,8043
9573,8044
9495,8045
9424,8046
9364,8047
9293,8048
9190,8049
9100,8050
9040,8051
9027,8052
9048,8053
9082,8054
9096,8055
9090,8056
9062,8057
9045,8058
9048,8059
9081,8060
9127,8061
9173,8062
9224,8063
9272,8064
9342,8065
9437,8066
9529,8067
9580,8068
9574,8069
9529,8070
9478,8071
9419,8072
9370,8073
9346,8074
9338,8075
9338,8076
9341,8077
9314,8078
9265,8079
9208,8080
9150,8081
9089,8082
9031,8083
8992,8084
8969,8085
8962,8086
8962,8087
8965,8088
8965,8089
8962,8090
8962,8091
8980,8092
9004,8093
9025,8094
9042,8095
9051,8096
9058,8097
9058,8098
9053,8099
9042,8100
9028,8101
9016,8102
8998,8103
8978,8104
8956,8105
8938,8106
8925,8107
8907,8108
8888,8109
8871,8110
8869,8111
8877,8112
8891,8113
8900,8114
8904,8115
8904,8116
8886,8117
8856,8118
8818,8119
8760,8120
8692,8121
8604,8122
8507,8123
8422,8124
8360,8125
8320,8126
8307,8127
8301,8128
8285,8129
8282,8130
8304,8131
8375,8132
8478,8133
8592,8134
8724,8135
8873,8136
9005,8137
9096,8138
9142,8139
9137,8140
9090,8141
9012,8142
8936,8143
8866,8144
8798,8145
8723,8146
8642,8147
8553,8148
8450,8149
8311,8150
8121,8151
7913,8152
7669,8153
7410,8154
7202,8155
7027,8156
6902,8157
6850,8158
6865,8159
6895,8160
6896,8161
6860,8162
6824,8163
6811,8164
6814,8165
6814,8166
6815,8167
6835,8168
6857,8169
6875,8170
6906,8171
6948,8172
7000,8173
7043,8174
7074,8175
7106,8176
7143,8177
7168,8178
7168,8179
7168,8180
7196,8181
7234,8182
7289,8183
7360,8184
7411,8185
7441,8186
7434,8187
7389,8188
7341,8189
7283,8190
7203,8191
7094,8192
6973,8193
6865,8194
6802,8195
6785,8196
6773,8197
6772,8198
6795,8199
6819,8200
6795,8201
6754,8202
6738,8203
6769,8204
6855,8205
6989,8206
7135,8207
7256,8208
7352,8209
7373,8210
7338,8211
7260,8212
7188,8213
7156,8214
7158,8215
7191,8216
7246,8217
7310,8218
7363,8219
7398,8220
7389,8221
7340,8222
7269,8223
7178,8224
7091,8225
7020,8226
6975,8227
6965,8228
6975,8229
6982,8230
6985,8231
6982,8232
6990,8233
6993,8234
6957,8235
6914,8236
6878,8237
6851,8238
6842,8239
6858,8240
6891,8241
6934,8242
6968,8243
7020,8244
7084,8245
7146,8246
7208,8247
7264,8248
7300,8249
7333,8250
7358,8251
7383,8252
7404,8253
7413,8254
7406,8255
7387,8256
7364,8257
7334,8258
7302,8259
7285,8260
7281,8261
7281,8262
7284,8263
7292,8264
7297,8265
7300,8266
7314,8267
7331,8268
7341,8269
7353,8270
7362,8271
7378,8272
7412,8273
7463,8274
7528,8275
7613,8276
7799,8277
7955,8278
8048,8279
8251,8280
8404,8281
8633,8282
8874,8283
9102,8284
9366,8285
9595,8286
9731,8287
9764,8288
9620,8289
9266,8290
8793,8291
8378,8292
8043,8293
7852,8294
7799,8295
7802,8296
7923,8297
8162,8298
8340,8299
8447,8300
8557,8301
8588,8302
8536,8303
8430,8304
8243,8305
8012,8306
7775,8307
7529,8308
7327,8309
7198,8310
7129,8311
7109,8312
7134,8313
7219,8314
7390,8315
7642,8316
7935,8317
8235,8318
8457,8319
8526,8320
8452,8321
8381,8322
8330,8323
8263,8324
8173,8325
8126,8326
8108,8327
8104,8328
8098,8329
8129,8330
8189,8331
8268,8332
8322,8333
8318,8334
8257,8335
8151,8336
8014,8337
7875,8338
7743,8339
7640,8340
7566,8341
7505,8342
7461,8343
7429,8344
7417,8345
7410,8346
7375,8347
7330,8348
7304,8349
7298,8350
7305,8351
7315,8352
7323,8353
7311,8354
7261,8355
7197,8356
7126,8357
7069,8358
7026,8359
7021,8360
7063,8361
7084,8362
7056,8363
7043,8364
7040,8365
7056,8366
7064,8367
7079,8368
7102,8369
7132,8370
7145,8371
7160,8372
7195,8373
7252,8374
7315,8375
7366,8376
7400,8377
7411,8378
7384,8379
7316,8380
7247,8381
7204,8382
7181,8383
7163,8384
7159,8385
7200,8386
7259,8387
7283,8388
7276,8389
7241,8390
7185,8391
7129,8392
7065,8393
7006,8394
6966,8395
6953,8396
6958,8397
6967,8398
6962,8399
6953,8400
6950,8401
6947,8402
6962,8403
6990,8404
7029,8405
7072,8406
7100,8407
7132,8408
7157,8409
7169,8410
7162,8411
7167,8412
7191,8413
7251,8414
7332,8415
7417,8416
7511,8417
7611,8418
7715,8419
7817,8420
7913,8421
8010,8422
8098,8423
8135,8424
8137,8425
8125,8426
8120,8427
8088,8428
8010,8429
7944,8430
7876,8431
7814,8432
7755,8433
7692,8434
7662,8435
7660,8436
7676,8437
7713,8438
7773,8439
7833,8440
7885,8441
7937,8442
7992,8443
8039,8444
8063,8445
8066,8446
8049,8447
8028,8448
8008,8449
7991,8450
7991,8451
8005,8452
8027,8453
8048,8454
8068,8455
8087,8456
8107,8457
8130,8458
8162,8459
8187,8460
8211,8461
8227,8462
8221,8463
8199,8464
8159,8465
8115,8466
8041,8467
7953,8468
7825,8469
7651,8470
7482,8471
7398,8472
7358,8473
7367,8474
7410,8475
7470,8476
7529,8477
7554,8478
7544,8479
7508,8480
7472,8481
7448,8482
7438,8483
7435,8484
7445,8485
7448,8486
7412,8487
7302,8488
7173,8489
7045,8490
6902,8491
6784,8492
6721,8493
6727,8494
6775,8495
6832,8496
6887,8497
6907,8498
6863,8499
6819,8500
6794,8501
6813,8502
6889,8503
6979,8504
7084,8505
7183,8506
7267,8507
7281,8508
7247,8509
7191,8510
7117,8511
7045,8512
6997,8513
6979,8514
6997,8515
7038,8516
7090,8517
7159,8518
7233,8519
7312,8520
7384,8521
7425,8522
7443,8523
7435,8524
7434,8525
7440,8526
7441,8527
7450,8528
7472,8529
7501,8530
7520,8531
7521,8532
7491,8533
7457,8534
7415,8535
7402,8536
7399,8537
7405,8538
7411,8539
7421,8540
7438,8541
7456,8542
7486,8543
7519,8544
7546,8545
7503,8546
7538,8547
7479,8548
7434,8549
7380,8550
7311,8551
7266,8552
7248,8553
7273,8554
7348,8555
7425,8556
7531,8557
7638,8558
7752,8559
7864,8560
7980,8561
8063,8562
8107,8563
8108,8564
8101,8565
8104,8566
8101,8567
8092,8568
8078,8569
8081,8570
8086,8571
8079,8572
8058,8573
8012,8574
7937,8575
7832,8576
7719,8577
7623,8578
7561,8579
7536,8580
7539,8581
7593,8582
7656,8583
7700,8584
7708,8585
7689,8586
7646,8587
7596,8588
7563,8589
7542,8590
7493,8591
7431,8592
7365,8593
7303,8594
7268,8595
7270,8596
7318,8597
7398,8598
7505,8599
7612,8600
7701,8601
7772,8602
7830,8603
7875,8604
7924,8605
7982,8606
8046,8607
8108,8608
8166,8609
8201,8610
8225,8611
8215,8612
8209,8613
8201,8614
8204,8615
8223,8616
8242,8617
8265,8618
8273,8619
8279,8620
8265,8621
8249,8622
8217,8623
8194,8624
8191,8625
8209,8626
8273,8627
8374,8628
8503,8629
8624,8630
8724,8631
8768,8632
8771,8633
8768,8634
8769,8635
8743,8636
8689,8637
8597,8638
8495,8639
8404,8640
8299,8641
8197,8642
8118,8643
8062,8644
8065,8645
8151,8646
8292,8647
8449,8648
8605,8649
8718,8650
8783,8651
8831,8652
8844,8653
8859,8654
8926,8655
9009,8656
9072,8657
9088,8658
9019,8659
8909,8660
8771,8661
8591,8662
8408,8663
8264,8664
8151,8665
8050,8666
8002,8667
8017,8668
8054,8669
8089,8670
8113,8671
8123,8672
8131,8673
8184,8674
8271,8675
8401,8676
8532,8677
8645,8678
8687,8679
8666,8680
8643,8681
8589,8682
8479,8683
8319,8684
8176,8685
8101,8686
8049,8687
8047,8688
8163,8689
8301,8690
8422,8691
8534,8692
8604,8693
8607,8694
8503,8695
8315,8696
8147,8697
7991,8698
7862,8699
7811,8700
7810,8701
7800,8702
7783,8703
7780,8704
7818,8705
7887,8706
7968,8707
8050,8708
8112,8709
8095,8710
8026,8711
7934,8712
7841,8713
7778,8714
7792,8715
7885,8716
8033,8717
8186,8718
8302,8719
8355,8720
8367,8721
8348,8722
8312,8723
8284,8724
8259,8725
8227,8726
8193,8727
8169,8728
8153,8729
8161,8730
8179,8731
8189,8732
8196,8733
8170,8734
8134,8735
8082,8736
8024,8737
7987,8738
7960,8739
7954,8740
8000,8741
8104,8742
8233,8743
8374,8744
8496,8745
8577,8746
8598,8747
8557,8748
8436,8749
8321,8750
8260,8751
8265,8752
8361,8753
8514,8754
8725,8755
8976,8756
9222,8757
9416,8758
9559,8759
9645,8760
9673,8761
9651,8762
9608,8763
9610,8764
9636,8765
9673,8766
9706,8767
9749,8768
9792,8769
9826,8770
9848,8771
9843,8772
9796,8773
9720,8774
9664,8775
9530,8776
9335,8777
9118,8778
8844,8779
8565,8780
8229,8781
7914,8782
7643,8783
7427,8784
7255,8785
7083,8786
7008,8787
6970,8788
6953,8789
6933,8790
6893,8791
6826,8792
6806,8793
6887,8794
7013,8795
7061,8796
7083,8797
7183,8798
7401,8799
7518,8800
7567,8801
7657,8802
7674,8803
7660,8804
7679,8805
7693,8806
7696,8807
7702,8808
7726,8809
7765,8810
7817,8811
7858,8812
7891,8813
7912,8814
7932,8815
7958,8816
7993,8817
8014,8818
8014,8819
8032,8820
8114,8821
8054,8822
7918,8823
7740,8824
7544,8825
7452,8826
7408,8827
7351,8828
7267,8829
7170,8830
7088,8831
7048,8832
7007,8833
6921,8834
6801,8835
6681,8836
6590,8837
6508,8838
6434,8839
6373,8840
6333,8841
6313,8842
6310,8843
6293,8844
6247,8845
6203,8846
6223,8847
6303,8848
6393,8849
6489,8850
6562,8851
6617,8852
6651,8853
6684,8854
6719,8855
6761,8856
6793,8857
6805,8858
6806,8859
6806,8860
6806,8861
6806,8862
6815,8863
6819,8864
6813,8865
6814,8866
6817,8867
6817,8868
6821,8869
6832,8870
6850,8871
6875,8872
6915,8873
6939,8874
6957,8875
6980,8876
7002,8877
6996,8878
6974,8879
6963,8880
6972,8881
7018,8882
7087,8883
7172,8884
7281,8885
7417,8886
7587,8887
7782,8888
8001,8889
8172,8890
8276,8891
8318,8892
8300,8893
8255,8894
8211,8895
8179,8896
8168,8897
8165,8898
8149,8899
8123,8900
8099,8901
8087,8902
8084,8903
8090,8904
8098,8905
8092,8906
8087,8907
8084,8908
8093,8909
8112,8910
8134,8911
8146,8912
8161,8913
8166,8914
8169,8915
8181,8916
8200,8917
8210,8918
8202,8919
8182,8920
8149,8921
8094,8922
8050,8923
8030,8924
8017,8925
8026,8926
8062,8927
8107,8928
8177,8929
8244,8930
8283,8931
8280,8932
8228,8933
8169,8934
8154,8935
8224,8936
8356,8937
8478,8938
8543,8939
8554,8940
8556,8941
8567,8942
8643,8943
8724,8944
8727,8945
8697,8946
8683,8947
8638,8948
8566,8949
8471,8950
8341,8951
8248,8952
8220,8953
8223,8954
8236,8955
8258,8956
8284,8957
8294,8958
8302,8959
8311,8960
8309,8961
8300,8962
8296,8963
8289,8964
8286,8965
8274,8966
8258,8967
8253,8968
8246,8969
8237,8970
8244,8971
8264,8972
8288,8973
8296,8974
8291,8975
8278,8976
8278,8977
8284,8978
8292,8979
8293,8980
8296,8981
8299,8982
8296,8983
8297,8984
8289,8985
8270,8986
8262,8987
8261,8988
8261,8989
8261,8990
8261,8991
8250,8992
8224,8993
8199,8994
8197,8995
8197,8996
8201,8997
8204,8998
8204,8999
8204,9000
8205,9001
8206,9002
8207,9003
8207,9004
8207,9005
8207,9006
8207,9007
8206,9008
8203,9009
8203,9010
8200,9011
8199,9012
8202,9013
8202,9014
8202,9015
8202,9016
8203,9017
8203,9018
8203,9019
8202,9020
8202,9021
8198,9022
8198,9023
8197,9024
8196,9025
8199,9026
8199,9027
8200,9028
8201,9029
8202,9030
8202,9031
8202,9032
8202,9033
8202,9034
8202,9035
8202,9036
8202,9037
8202,9038
8202,9039
8202,9040
8202,9041
8202,9042
8202,9043
8202,9044
8202,9045
8202,9046
8202,9047
8202,9048
8202,9049
8202,9050
8202,9051
8202,9052
8202,9053
8202,9054
8202,9055
8202,9056
8202,9057
8202,9058
8202,9059
8202,9060
8202,9061
8202,9062
8202,9063
8202,9064
8202,9065
8202,9066
8202,9067
8202,9068
8202,9069
8202,9070
8202,9071
8202,9072
8202,9073
8202,9074
8202,9075
8202,9076
8202,9077
8202,9078
8202,9079
8202,9080
8202,9081
8202,9082
8202,9083
8202,9084
8202,9085
8202,9086
8202,9087
8202,9088
8202,9089
8202,9090
8202,9091
8202,9092
8202,9093
8202,9094
8202,9095
8202,9096
8202,9097
8202,9098
8202,9099
8202,9100
8202,9101
8202,9102
8202,9103
8202,9104
8202,9105
8202,9106
8202,9107
8202,9108
8202,9109
8202,9110
8202,9111
8202,9112
8202,9113
8202,9114
8202,9115
8202,9116
8202,9117
8202,9118
8202,9119
8202,9120
8202,9121
8202,9122
8202,9123
8202,9124
8202,9125
8202,9126
8202,9127
8202,9128
8202,9129
8202,9130
8202,9131
8202,9132
8202,9133
8202,9134
8202,9135
8202,9136
8202,9137
8202,9138
8202,9139
8202,9140
8203,9141
8203,9142
8203,9143
8203,9144
8203,9145
8203,9146
8203,9147
8203,9148
8203,9149
8203,9150
8203,9151
8203,9152
8203,9153
8203,9154
8203,9155
8204,9156
8204,9157
8204,9158
8204,9159
8204,9160
8204,9161
8204,9162
8204,9163
8204,9164
8204,9165
8204,9166
8204,9167
8204,9168
8204,9169
8204,9170
8204,9171
8204,9172
8204,9173
8204,9174
8204,9175
8204,9176
8204,9177
8204,9178
8204,9179
8204,9180
8205,9181
8205,9182
8205,9183
8205,9184
8205,9185
8204,9186
8204,9187
8204,9188
8204,9189
8204,9190
8204,9191
8204,9192
8204,9193
8204,9194
8204,9195
8204,9196
8205,9197
8205,9198
8205,9199
8205,9200
8205,9201
8205,9202
8205,9203
8205,9204
8205,9205
8205,9206
8204,9207
8204,9208
8204,9209
8204,9210
8204,9211
8204,9212
8204,9213
8204,9214
8205,9215
8205,9216
8205,9217
8204,9218
8204,9219
8204,9220
8204,9221
8204,9222
8204,9223
8204,9224
8204,9225
8204,9226
8204,9227
8204,9228
8205,9229
8205,9230
8205,9231
8205,9232
8204,9233
8204,9234
8204,9235
8204,9236
8205,9237
8205,9238
8205,9239
8205,9240
8205,9241
8205,9242
8205,9243
8205,9244
8205,9245
8205,9246
8205,9247
8205,9248
8205,9249
8204,9250
8204,9251
8204,9252
8204,9253
8204,9254
8204,9255
8204,9256
8196,9257
8164,9258
8104,9259
8114,9260
8109,9261
8128,9262
8141,9263
8144,9264
8141,9265
8155,9266
8155,9267
8152,9268
8151,9269
8151,9270
8157,9271
8163,9272
8175,9273
8186,9274
8195,9275
8198,9276
8199,9277
8199,9278
8199,9279
8199,9280
8199,9281
8198,9282
8197,9283
8197,9284
8197,9285
8198,9286
8199,9287
8199,9288
8199,9289
8199,9290
8198,9291
8198,9292
8198,9293
8198,9294
8199,9295
8199,9296
8199,9297
8199,9298
8199,9299
8199,9300
8198,9301
8198,9302
8198,9303
8198,9304
8199,9305
8199,9306
8199,9307
8199,9308
8199,9309
8199,9310
8199,9311
8199,9312
8199,9313
8199,9314
8199,9315
8199,9316
8198,9317
8198,9318
8198,9319
8199,9320
8199,9321
8199,9322
8199,9323
8199,9324
8199,9325
8199,9326
8199,9327
8199,9328
8199,9329
8199,9330
8199,9331
8199,9332
8199,9333
8199,9334
8199,9335
8199,9336
8199,9337
8199,9338
8199,9339
8199,9340
8199,9341
8199,9342
8199,9343
8199,9344
8199,9345
8199,9346
8199,9347
8199,9348
8199,9349
8199,9350
8199,9351
8199,9352
8199,9353
8199,9354
8199,9355
8199,9356
8199,9357
8199,9358
8199,9359
8199,9360
8199,9361
8199,9362
8199,9363
8199,9364
8199,9365
8199,9366
8199,9367
8199,9368
8199,9369
8199,9370
8199,9371
8199,9372
8198,9373
8198,9374
8198,9375
8199,9376
8199,9377
8199,9378
8199,9379
8199,9380
8199,9381
8199,9382
8199,9383
8199,9384
8199,9385
8199,9386
8199,9387
8199,9388
8199,9389
8199,9390
8199,9391
8199,9392
8199,9393
8199,9394
8199,9395
8199,9396
8199,9397
8199,9398
8199,9399
8199,9400
8199,9401
8199,9402
8199,9403
8199,9404
8199,9405
8199,9406
8199,9407
8199,9408
8199,9409
8199,9410
8199,9411
8199,9412
8199,9413
8199,9414
8199,9415
8199,9416
8199,9417
8199,9418
8199,9419
8199,9420
8199,9421
8199,9422
8199,9423
8199,9424
8199,9425
8199,9426
8199,9427
8199,9428
8199,9429
8199,9430
8199,9431
8199,9432
8199,9433
8199,9434
8199,9435
8199,9436
8199,9437
8199,9438
8199,9439
8199,9440
8199,9441
8199,9442
8199,9443
8199,9444
8199,9445
8199,9446
8199,9447
8199,9448
8199,9449
8199,9450
8199,9451
8199,9452
8199,9453
8199,9454
8199,9455
8199,9456
8199,9457
8199,9458
8199,9459
8199,9460
8199,9461
8199,9462
8199,9463
8199,9464
8199,9465
8199,9466
8199,9467
8199,9468
8199,9469
8199,9470
8199,9471
8199,9472
8199,9473
8198,9474
8199,9475
8199,9476
8199,9477
8199,9478
8199,9479
8199,9480
8199,9481
8199,9482
8199,9483
8199,9484
8199,9485
8199,9486
8199,9487
8199,9488
8199,9489
8199,9490
8199,9491
8199,9492
8199,9493
8199,9494
8199,9495
8199,9496
8199,9497
8199,9498
8199,9499
8199,9500
8199,9501
8199,9502
8199,9503
8199,9504
8199,9505
8199,9506
8199,9507
8199,9508
8199,9509
8199,9510
8199,9511
8199,9512
8198,9513
8199,9514
8199,9515
8199,9516
8199,9517
8199,9518
8199,9519
8199,9520
8199,9521
8199,9522
8199,9523
8199,9524
8199,9525
8199,9526
8199,9527
8199,9528
8199,9529
8199,9530
8199,9531
8199,9532
8199,9533
8199,9534
8199,9535
8199,9536
8199,9537
8199,9538
8199,9539
8199,9540
8199,9541
8199,9542
8199,9543
8199,9544
8199,9545
8199,9546
8199,9547
8199,9548
8199,9549
8199,9550
8199,9551
8199,9552
8199,9553
8199,9554
8199,9555
8199,9556
8199,9557
8199,9558
8199,9559
8199,9560
8199,9561
8199,9562
8199,9563
8199,9564
8199,9565
8199,9566
8199,9567
8199,9568
8199,9569
8199,9570
8199,9571
8199,9572
8199,9573
8199,9574
8199,9575
8199,9576
8199,9577
8198,9578
8198,9579
8199,9580
8199,9581
8199,9582
8199,9583
8199,9584
8198,9585
8198,9586
8198,9587
8198,9588
8198,9589
8198,9590
8199,9591
8199,9592
8199,9593
8199,9594
8199,9595
8199,9596
8199,9597
8199,9598
8199,9599
8199,9600
8199,9601
8199,9602
8199,9603
8199,9604
8199,9605
8199,9606
8199,9607
8198,9608
8198,9609
8198,9610
8198,9611
8199,9612
8199,9613
8199,9614
8199,9615
8198,9616
8198,9617
8198,9618
8198,9619
8198,9620
8199,9621
8199,9622
8199,9623
8199,9624
8199,9625
8199,9626
8199,9627
8199,9628
8199,9629
8199,9630
8199,9631
8199,9632
8199,9633
8199,9634
8199,9635
8199,9636
8199,9637
8199,9638
8199,9639
8199,9640
8199,9641
8199,9642
8199,9643
8199,9644
8199,9645
8199,9646
8199,9647
8199,9648
8199,9649
8199,9650
8199,9651
8199,9652
8199,9653
8199,9654
8199,9655
8199,9656
8199,9657
8199,9658
8199,9659
8199,9660
8199,9661
8199,9662
8199,9663
8199,9664
8199,9665
8199,9666
8199,9667
8199,9668
8199,9669
8199,9670
8199,9671
8199,9672
8199,9673
8199,9674
8199,9675
8199,9676
8199,9677
8199,9678
8199,9679
8199,9680
8199,9681
8199,9682
8199,9683
8199,9684
8199,9685
8199,9686
8199,9687
8199,9688
8199,9689
8199,9690
8199,9691
8199,9692
8199,9693
8199,9694
8199,9695
8199,9696
8199,9697
8199,9698
8198,9699
8198,9700
8198,9701
8199,9702
8199,9703
8199,9704
8199,9705
8199,9706
8199,9707
8199,9708
8199,9709
8199,9710
8199,9711
8199,9712
8199,9713
8199,9714
8199,9715
8199,9716
8199,9717
8199,9718
8199,9719
8199,9720
8199,9721
8199,9722
8199,9723
8199,9724
8199,9725
8199,9726
8199,9727
8199,9728
8199,9729
8199,9730
8199,9731
8199,9732
8199,9733
8199,9734
8199,9735
8199,9736
8199,9737
8199,9738
8199,9739
8199,9740
8199,9741
8199,9742
8199,9743
8199,9744
8199,9745
8199,9746
8199,9747
8199,9748
8199,9749
8198,9750
8198,9751
8198,9752
8198,9753
8198,9754
8199,9755
8199,9756
8199,9757
8199,9758
8199,9759
8199,9760
8199,9761
8199,9762
8199,9763
8198,9764
8198,9765
8198,9766
8198,9767
8199,9768
8199,9769
8199,9770
8199,9771
8199,9772
8198,9773
8198,9774
8198,9775
8198,9776
8198,9777
8198,9778
8198,9779
8198,9780
8198,9781
8198,9782
8198,9783
8198,9784
8198,9785
8199,9786
8199,9787
8199,9788
8199,9789
8199,9790
8199,9791
8199,9792
8199,9793
8199,9794
8199,9795
8199,9796
8199,9797
8199,9798
8199,9799
8199,9800
8199,9801
8199,9802
8199,9803
8199,9804
8199,9805
8198,9806
8198,9807
8199,9808
8199,9809
8199,9810
8199,9811
8199,9812
8199,9813
8199,9814
8199,9815
8199,9816
8199,9817
8199,9818
8199,9819
8199,9820
8199,9821
8199,9822
8199,9823
8199,9824
8199,9825
8199,9826
8199,9827
8199,9828
8199,9829
8199,9830
8199,9831
8198,9832
8198,9833
8198,9834
8198,9835
8198,9836
8198,9837
8198,9838
8198,9839
8198,9840
8199,9841
8199,9842
8199,9843
8199,9844
8199,9845
8199,9846
8199,9847
8199,9848
8199,9849
8199,9850
8199,9851
8199,9852
8199,9853
8199,9854
8199,9855
8199,9856
8199,9857
8199,9858
8199,9859
8199,9860
8199,9861
8199,9862
8199,9863
8199,9864
8199,9865
8199,9866
8198,9867
8198,9868
8199,9869
8199,9870
8199,9871
8199,9872
8199,9873
8199,9874
8199,9875
8199,9876
8199,9877
8199,9878
8199,9879
8199,9880
8199,9881
8199,9882
8199,9883
8199,9884
8199,9885
8199,9886
8199,9887
8199,9888
8199,9889
8199,9890
8199,9891
8199,9892
8199,9893
8199,9894
8199,9895
8199,9896
8199,9897
8199,9898
8199,9899
8199,9900
8199,9901
8199,9902
8199,9903
8199,9904
8199,9905
8199,9906
8199,9907
8199,9908
8199,9909
8199,9910
8199,9911
8199,9912
8199,9913
8199,9914
8199,9915
8199,9916
8199,9917
8199,9918
8199,9919
8199,9920
8199,9921
8199,9922
8199,9923
8199,9924
8199,9925
8199,9926
8199,9927
8199,9928
8199,9929
8199,9930
8199,9931
8199,9932
8199,9933
8199,9934
8199,9935
8199,9936
8199,9937
8199,9938
8199,9939
8199,9940
8199,9941
8199,9942
8199,9943
8199,9944
8199,9945
8199,9946
8199,9947
8199,9948
8199,9949
8198,9950
8198,9951
8198,9952
8198,9953
8198,9954
8199,9955
8199,9956
8199,9957
8199,9958
8198,9959
8199,9960
8199,9961
8199,9962
8199,9963
8199,9964
8199,9965
8198,9966
8199,9967
8199,9968
8199,9969
8199,9970
8199,9971
8199,9972
8199,9973
8199,9974
8199,9975
8199,9976
8199,9977
8199,9978
8199,9979
8199,9980
8199,9981
8199,9982
8199,9983
8199,9984
8199,9985
8199,9986
8199,9987
8199,9988
8199,9989
8198,9990
8198,9991
8198,9992
8198,9993
8198,9994
8198,9995
8198,9996
8198,9997
8198,9998
8198,9999
8198,10000
