8139,1
8139,2
8139,3
8139,4
8139,5
8139,6
8139,7
8139,8
8139,9
8139,10
8139,11
8139,12
8139,13
8139,14
8139,15
8139,16
8139,17
8139,18
8139,19
8139,20
8139,21
8139,22
8139,23
8139,24
8139,25
8139,26
8139,27
8139,28
8139,29
8139,30
8139,31
8139,32
8139,33
8139,34
8139,35
8139,36
8139,37
8139,38
8139,39
8139,40
8139,41
8138,42
8139,43
8139,44
8139,45
8139,46
8139,47
8139,48
8139,49
8139,50
8139,51
8139,52
8139,53
8139,54
8139,55
8139,56
8139,57
8139,58
8139,59
8139,60
8139,61
8139,62
8139,63
8139,64
8139,65
8139,66
8139,67
8139,68
8139,69
8139,70
8139,71
8139,72
8139,73
8139,74
8139,75
8139,76
8139,77
8139,78
8139,79
8139,80
8139,81
8139,82
8139,83
8139,84
8139,85
8139,86
8139,87
8139,88
8139,89
8139,90
8139,91
8139,92
8139,93
8139,94
8139,95
8139,96
8139,97
8139,98
8139,99
8139,100
8139,101
8139,102
8139,103
8139,104
8139,105
8139,106
8139,107
8139,108
8139,109
8139,110
8139,111
8139,112
8139,113
8139,114
8139,115
8139,116
8139,117
8139,118
8139,119
8139,120
8139,121
8139,122
8139,123
8139,124
8139,125
8139,126
8139,127
8139,128
8139,129
8139,130
8139,131
8139,132
8139,133
8139,134
8139,135
8139,136
8139,137
8139,138
8139,139
8139,140
8138,141
8138,142
8138,143
8138,144
8138,145
8138,146
8139,147
8139,148
8139,149
8139,150
8138,151
8139,152
8139,153
8139,154
8139,155
8139,156
8139,157
8139,158
8139,159
8139,160
8139,161
8139,162
8139,163
8139,164
8139,165
8139,166
8139,167
8139,168
8139,169
8139,170
8139,171
8139,172
8139,173
8139,174
8139,175
8139,176
8139,177
8139,178
8139,179
8139,180
8139,181
8139,182
8139,183
8139,184
8139,185
8139,186
8139,187
8139,188
8139,189
8139,190
8139,191
8139,192
8139,193
8139,194
8139,195
8139,196
8139,197
8138,198
8139,199
8139,200
8139,201
8139,202
8139,203
8139,204
8139,205
8139,206
8139,207
8139,208
8139,209
8139,210
8139,211
8139,212
8139,213
8139,214
8139,215
8139,216
8139,217
8139,218
8139,219
8139,220
8139,221
8139,222
8139,223
8139,224
8139,225
8139,226
8139,227
8139,228
8139,229
8139,230
8139,231
8139,232
8139,233
8139,234
8139,235
8139,236
8139,237
8139,238
8139,239
8139,240
8139,241
8139,242
8139,243
8139,244
8139,245
8139,246
8139,247
8139,248
8139,249
8139,250
8139,251
8139,252
8139,253
8139,254
8139,255
8139,256
8139,257
8139,258
8139,259
8139,260
8139,261
8139,262
8139,263
8139,264
8139,265
8138,266
8139,267
8139,268
8139,269
8139,270
8139,271
8139,272
8139,273
8139,274
8139,275
8139,276
8139,277
8139,278
8139,279
8139,280
8139,281
8139,282
8139,283
8139,284
8139,285
8139,286
8139,287
8139,288
8139,289
8139,290
8139,291
8139,292
8139,293
8139,294
8139,295
8139,296
8139,297
8139,298
8139,299
8139,300
8139,301
8139,302
8139,303
8139,304
8139,305
8139,306
8139,307
8139,308
8139,309
8139,310
8139,311
8139,312
8139,313
8139,314
8139,315
8139,316
8139,317
8139,318
8139,319
8139,320
8139,321
8139,322
8139,323
8139,324
8139,325
8139,326
8139,327
8139,328
8139,329
8139,330
8139,331
8139,332
8139,333
8139,334
8139,335
8138,336
8138,337
8139,338
8139,339
8139,340
8139,341
8139,342
8139,343
8139,344
8139,345
8139,346
8139,347
8139,348
8139,349
8139,350
8139,351
8139,352
8139,353
8139,354
8139,355
8139,356
8139,357
8139,358
8139,359
8139,360
8139,361
8139,362
8139,363
8139,364
8139,365
8139,366
8139,367
8139,368
8139,369
8139,370
8139,371
8139,372
8139,373
8139,374
8139,375
8139,376
8139,377
8139,378
8139,379
8139,380
8139,381
8139,382
8139,383
8139,384
8139,385
8139,386
8139,387
8139,388
8139,389
8139,390
8139,391
8139,392
8139,393
8139,394
8139,395
8139,396
8139,397
8139,398
8139,399
8139,400
8139,401
8139,402
8139,403
8139,404
8139,405
8139,406
8139,407
8139,408
8139,409
8139,410
8139,411
8139,412
8139,413
8139,414
8139,415
8139,416
8139,417
8139,418
8139,419
8139,420
8139,421
8139,422
8139,423
8139,424
8139,425
8139,426
8139,427
8139,428
8139,429
8139,430
8139,431
8139,432
8139,433
8139,434
8139,435
8139,436
8139,437
8139,438
8139,439
8139,440
8139,441
8139,442
8139,443
8139,444
8139,445
8139,446
8139,447
8139,448
8139,449
8139,450
8139,451
8139,452
8139,453
8139,454
8139,455
8139,456
8139,457
8139,458
8139,459
8139,460
8139,461
8139,462
8139,463
8139,464
8139,465
8139,466
8139,467
8139,468
8139,469
8139,470
8139,471
8139,472
8139,473
8139,474
8139,475
8139,476
8139,477
8139,478
8139,479
8138,480
8138,481
8139,482
8139,483
8139,484
8139,485
8139,486
8139,487
8139,488
8139,489
8139,490
8139,491
8139,492
8139,493
8139,494
8139,495
8138,496
8139,497
8139,498
8139,499
8139,500
8139,501
8139,502
8139,503
8139,504
8139,505
8139,506
8139,507
8139,508
8139,509
8139,510
8139,511
8139,512
8139,513
8139,514
8139,515
8139,516
8139,517
8139,518
8139,519
8139,520
8139,521
8139,522
8138,523
8138,524
8138,525
8139,526
8139,527
8139,528
8139,529
8139,530
8139,531
8139,532
8139,533
8139,534
8139,535
8139,536
8139,537
8139,538
8139,539
8139,540
8139,541
8139,542
8139,543
8139,544
8139,545
8139,546
8139,547
8139,548
8139,549
8139,550
8139,551
8139,552
8139,553
8139,554
8139,555
8139,556
8139,557
8139,558
8139,559
8139,560
8139,561
8139,562
8139,563
8139,564
8139,565
8139,566
8139,567
8139,568
8139,569
8139,570
8139,571
8139,572
8139,573
8139,574
8139,575
8139,576
8139,577
8139,578
8139,579
8139,580
8139,581
8139,582
8139,583
8139,584
8139,585
8139,586
8139,587
8139,588
8139,589
8139,590
8139,591
8139,592
8139,593
8139,594
8139,595
8139,596
8139,597
8139,598
8139,599
8139,600
8139,601
8139,602
8139,603
8139,604
8139,605
8139,606
8139,607
8139,608
8139,609
8139,610
8139,611
8139,612
8139,613
8139,614
8139,615
8139,616
8139,617
8139,618
8139,619
8139,620
8139,621
8139,622
8139,623
8139,624
8139,625
8139,626
8139,627
8139,628
8139,629
8139,630
8139,631
8139,632
8139,633
8139,634
8139,635
8139,636
8139,637
8139,638
8139,639
8139,640
8139,641
8139,642
8139,643
8139,644
8139,645
8139,646
8139,647
8139,648
8139,649
8139,650
8139,651
8139,652
8139,653
8139,654
8139,655
8139,656
8139,657
8139,658
8139,659
8139,660
8139,661
8139,662
8139,663
8139,664
8139,665
8139,666
8139,667
8139,668
8139,669
8139,670
8139,671
8139,672
8139,673
8139,674
8139,675
8139,676
8139,677
8139,678
8139,679
8139,680
8139,681
8139,682
8139,683
8139,684
8139,685
8139,686
8139,687
8139,688
8139,689
8139,690
8139,691
8139,692
8139,693
8139,694
8139,695
8139,696
8139,697
8139,698
8139,699
8139,700
8139,701
8139,702
8139,703
8139,704
8139,705
8139,706
8139,707
8139,708
8139,709
8139,710
8139,711
8139,712
8139,713
8139,714
8139,715
8139,716
8139,717
8139,718
8139,719
8139,720
8139,721
8139,722
8139,723
8139,724
8139,725
8139,726
8139,727
8139,728
8139,729
8139,730
8139,731
8139,732
8139,733
8139,734
8139,735
8139,736
8139,737
8139,738
8139,739
8139,740
8139,741
8139,742
8139,743
8139,744
8139,745
8139,746
8139,747
8139,748
8139,749
8139,750
8139,751
8139,752
8139,753
8139,754
8139,755
8139,756
8139,757
8139,758
8139,759
8139,760
8139,761
8139,762
8139,763
8139,764
8139,765
8139,766
8139,767
8139,768
8139,769
8139,770
8139,771
8139,772
8139,773
8139,774
8138,775
8139,776
8139,777
8139,778
8139,779
8139,780
8139,781
8139,782
8139,783
8139,784
8139,785
8139,786
8139,787
8139,788
8139,789
8139,790
8139,791
8139,792
8139,793
8139,794
8139,795
8139,796
8139,797
8139,798
8139,799
8139,800
8139,801
8139,802
8139,803
8139,804
8139,805
8139,806
8139,807
8139,808
8139,809
8139,810
8139,811
8139,812
8139,813
8139,814
8139,815
8139,816
8139,817
8139,818
8139,819
8139,820
8139,821
8139,822
8139,823
8139,824
8139,825
8139,826
8139,827
8139,828
8139,829
8139,830
8139,831
8139,832
8139,833
8139,834
8139,835
8139,836
8139,837
8139,838
8139,839
8139,840
8139,841
8139,842
8139,843
8139,844
8139,845
8139,846
8139,847
8139,848
8139,849
8139,850
8139,851
8139,852
8139,853
8139,854
8139,855
8139,856
8139,857
8139,858
8139,859
8139,860
8139,861
8139,862
8139,863
8139,864
8139,865
8139,866
8139,867
8139,868
8139,869
8139,870
8139,871
8139,872
8139,873
8139,874
8139,875
8139,876
8139,877
8139,878
8139,879
8139,880
8139,881
8139,882
8139,883
8139,884
8139,885
8139,886
8139,887
8139,888
8139,889
8139,890
8139,891
8139,892
8139,893
8139,894
8139,895
8139,896
8139,897
8139,898
8139,899
8139,900
8139,901
8139,902
8139,903
8139,904
8139,905
8139,906
8139,907
8139,908
8139,909
8139,910
8139,911
8139,912
8139,913
8139,914
8139,915
8139,916
8139,917
8139,918
8139,919
8139,920
8139,921
8139,922
8139,923
8139,924
8139,925
8139,926
8139,927
8139,928
8139,929
8139,930
8139,931
8139,932
8139,933
8139,934
8139,935
8139,936
8139,937
8139,938
8139,939
8139,940
8139,941
8139,942
8139,943
8139,944
8139,945
8139,946
8138,947
8138,948
8138,949
8138,950
8138,951
8139,952
8139,953
8139,954
8139,955
8139,956
8139,957
8139,958
8139,959
8139,960
8139,961
8139,962
8139,963
8139,964
8139,965
8139,966
8139,967
8139,968
8139,969
8139,970
8139,971
8139,972
8138,973
8138,974
8138,975
8139,976
8139,977
8139,978
8139,979
8139,980
8139,981
8139,982
8139,983
8139,984
8139,985
8139,986
8139,987
8139,988
8139,989
8139,990
8139,991
8139,992
8139,993
8139,994
8139,995
8139,996
8139,997
8139,998
8139,999
8139,1000
