8152,1
8152,2
8152,3
8152,4
8152,5
8152,6
8152,7
8152,8
8152,9
8152,10
8152,11
8152,12
8152,13
8152,14
8152,15
8152,16
8152,17
8152,18
8152,19
8152,20
8152,21
8152,22
8152,23
8152,24
8152,25
8152,26
8152,27
8152,28
8152,29
8152,30
8152,31
8152,32
8152,33
8152,34
8152,35
8152,36
8152,37
8152,38
8152,39
8152,40
8152,41
8152,42
8152,43
8152,44
8152,45
8152,46
8152,47
8152,48
8152,49
8152,50
8152,51
8152,52
8152,53
8152,54
8152,55
8152,56
8152,57
8152,58
8152,59
8152,60
8152,61
8152,62
8152,63
8152,64
8152,65
8152,66
8152,67
8152,68
8152,69
8152,70
8152,71
8152,72
8152,73
8152,74
8152,75
8152,76
8152,77
8152,78
8152,79
8152,80
8152,81
8152,82
8152,83
8152,84
8153,85
8153,86
8153,87
8153,88
8153,89
8152,90
8152,91
8152,92
8152,93
8152,94
8152,95
8152,96
8152,97
8152,98
8152,99
8152,100
