8185,1
8185,2
8185,3
8185,4
8185,5
8185,6
8185,7
8185,8
8185,9
8185,10
8185,11
8185,12
8185,13
8185,14
8185,15
8185,16
8185,17
8185,18
8185,19
8185,20
8185,21
8185,22
8185,23
8185,24
8185,25
8185,26
8185,27
8185,28
8185,29
8185,30
8185,31
8185,32
8185,33
8185,34
8185,35
8185,36
8185,37
8185,38
8185,39
8185,40
8185,41
8185,42
8185,43
8185,44
8185,45
8185,46
8185,47
8185,48
8185,49
8185,50
8185,51
8185,52
8185,53
8185,54
8185,55
8185,56
8185,57
8185,58
8185,59
8185,60
8185,61
8185,62
8185,63
8185,64
8185,65
8185,66
8185,67
8185,68
8185,69
8185,70
8185,71
8185,72
8185,73
8185,74
8185,75
8185,76
8185,77
8185,78
8185,79
8185,80
8185,81
8185,82
8185,83
8185,84
8185,85
8185,86
8185,87
8185,88
8185,89
8185,90
8185,91
8185,92
8185,93
8185,94
8185,95
8185,96
8185,97
8185,98
8185,99
8185,100
8185,101
8185,102
8185,103
8185,104
8185,105
8185,106
8185,107
8185,108
8185,109
8185,110
8185,111
8185,112
8185,113
8185,114
8185,115
8185,116
8185,117
8185,118
8185,119
8185,120
8185,121
8185,122
8185,123
8185,124
8185,125
8185,126
8185,127
8185,128
8185,129
8185,130
8185,131
8185,132
8185,133
8185,134
8185,135
8185,136
8185,137
8185,138
8185,139
8185,140
8185,141
8185,142
8185,143
8185,144
8185,145
8185,146
8185,147
8185,148
8185,149
8185,150
8185,151
8185,152
8185,153
8185,154
8185,155
8185,156
8185,157
8185,158
8185,159
8185,160
8185,161
8185,162
8185,163
8185,164
8185,165
8185,166
8185,167
8185,168
8185,169
8185,170
8185,171
8185,172
8185,173
8185,174
8185,175
8185,176
8185,177
8185,178
8185,179
8185,180
8185,181
8185,182
8185,183
8185,184
8185,185
8185,186
8185,187
8185,188
8185,189
8185,190
8185,191
8185,192
8185,193
8184,194
8184,195
8165,196
8150,197
8156,198
8126,199
8114,200
8117,201
8124,202
8170,203
8206,204
8206,205
8206,206
8199,207
8177,208
8112,209
8111,210
8112,211
8112,212
8122,213
8135,214
8205,215
8207,216
8204,217
8204,218
8204,219
8204,220
8204,221
8143,222
8109,223
8109,224
8110,225
8111,226
8119,227
8159,228
8207,229
8203,230
8203,231
8203,232
8203,233
8203,234
8203,235
8203,236
8203,237
8203,238
8170,239
8112,240
8110,241
8114,242
8114,243
8114,244
8135,245
8203,246
8206,247
8203,248
8203,249
8203,250
8203,251
8203,252
8203,253
8203,254
8172,255
8110,256
8109,257
8112,258
8112,259
8120,260
8138,261
8207,262
8203,263
8204,264
8204,265
8204,266
8204,267
8204,268
8143,269
8110,270
8110,271
8110,272
8111,273
8111,274
8111,275
8139,276
8208,277
8202,278
8204,279
8204,280
8204,281
8204,282
8204,283
8204,284
8167,285
8111,286
8111,287
8112,288
8112,289
8112,290
8130,291
8173,292
8208,293
8204,294
8204,295
8204,296
8204,297
8205,298
8200,299
8156,300
8109,301
8109,302
8109,303
8110,304
8132,305
8201,306
8209,307
8205,308
8166,309
8117,310
8169,311
8210,312
8189,313
8115,314
8111,315
8125,316
8177,317
8191,318
8112,319
8135,320
8198,321
8209,322
8177,323
8116,324
8148,325
8205,326
8182,327
8111,328
8130,329
8168,330
8206,331
8127,332
8128,333
8187,334
8208,335
8138,336
8115,337
8147,338
8186,339
8127,340
8118,341
8161,342
8200,343
8145,344
8123,345
8185,346
8207,347
8160,348
8131,349
8186,350
8205,351
8184,352
8133,353
8112,354
8112,355
8119,356
8154,357
8209,358
8188,359
8155,360
8113,361
8142,362
8179,363
8198,364
8158,365
8111,366
8113,367
8121,368
8176,369
8206,370
8195,371
8142,372
8109,373
8119,374
8116,375
8122,376
8154,377
8207,378
8163,379
8109,380
8117,381
8117,382
8117,383
8150,384
8187,385
8117,386
8113,387
8115,388
8123,389
8134,390
8202,391
8193,392
8125,393
8112,394
8120,395
8140,396
8178,397
8189,398
8129,399
8109,400
8112,401
8119,402
8130,403
8168,404
8182,405
8112,406
8134,407
8171,408
8209,409
8171,410
8117,411
8121,412
8127,413
8197,414
8174,415
8109,416
8107,417
8112,418
8182,419
8209,420
8175,421
8113,422
8121,423
8111,424
8127,425
8142,426
8154,427
8144,428
8120,429
8120,430
8110,431
8111,432
8114,433
8114,434
8115,435
8116,436
8122,437
8122,438
8121,439
8150,440
8176,441
8151,442
8107,443
8114,444
8112,445
8115,446
8118,447
8115,448
8114,449
8114,450
8115,451
8134,452
8156,453
8163,454
8142,455
8208,456
8188,457
8136,458
8110,459
8151,460
8206,461
8155,462
8110,463
8158,464
8202,465
8182,466
8166,467
8197,468
8201,469
8181,470
8169,471
8188,472
8206,473
8195,474
8172,475
8177,476
8192,477
8186,478
8175,479
8184,480
8181,481
8180,482
8183,483
8183,484
8183,485
8184,486
8184,487
8184,488
8183,489
8183,490
8183,491
8183,492
8183,493
8183,494
8183,495
8183,496
8183,497
8183,498
8183,499
8183,500
8183,501
8183,502
8183,503
8183,504
8183,505
8183,506
8183,507
8183,508
8183,509
8183,510
8183,511
8183,512
8183,513
8183,514
8183,515
8183,516
8183,517
8183,518
8183,519
8183,520
8183,521
8183,522
8183,523
8183,524
8183,525
8183,526
8183,527
8183,528
8183,529
8183,530
8183,531
8183,532
8183,533
8183,534
8183,535
8183,536
8183,537
8183,538
8183,539
8183,540
8183,541
8183,542
8183,543
8183,544
8183,545
8183,546
8183,547
8183,548
8183,549
8183,550
8183,551
8183,552
8183,553
8183,554
8183,555
8183,556
8183,557
8183,558
8183,559
8183,560
8183,561
8183,562
8183,563
8183,564
8183,565
8183,566
8183,567
8183,568
8183,569
8183,570
8183,571
8183,572
8183,573
8183,574
8183,575
8183,576
8183,577
8183,578
8183,579
8183,580
8183,581
8183,582
8183,583
8183,584
8183,585
8183,586
8183,587
8183,588
8183,589
8183,590
8183,591
8183,592
8183,593
8183,594
8183,595
8183,596
8183,597
8183,598
8183,599
8183,600
8183,601
8183,602
8183,603
8183,604
8183,605
8183,606
8183,607
8183,608
8183,609
8183,610
8183,611
8183,612
8183,613
8183,614
8183,615
8183,616
8183,617
8183,618
8183,619
8183,620
8183,621
8183,622
8183,623
8183,624
8183,625
8183,626
8183,627
8183,628
8183,629
8183,630
8183,631
8183,632
8183,633
8183,634
8183,635
8183,636
8183,637
8183,638
8183,639
8183,640
8183,641
8183,642
8183,643
8183,644
8183,645
8183,646
8183,647
8183,648
8183,649
8183,650
8183,651
8183,652
8183,653
8183,654
8183,655
8183,656
8183,657
8183,658
8183,659
8183,660
8183,661
8183,662
8183,663
8183,664
8183,665
8183,666
8183,667
8183,668
8183,669
8183,670
8183,671
8183,672
8183,673
8183,674
8183,675
8183,676
8183,677
8183,678
8183,679
8183,680
8183,681
8183,682
8183,683
8183,684
8183,685
8183,686
8183,687
8183,688
8183,689
8183,690
8183,691
8183,692
8183,693
8183,694
8183,695
8183,696
8183,697
8183,698
8183,699
8183,700
8183,701
8183,702
8183,703
8183,704
8183,705
8183,706
8183,707
8183,708
8183,709
8183,710
8183,711
8183,712
8183,713
8183,714
8183,715
8183,716
8183,717
8183,718
8183,719
8183,720
8183,721
8183,722
8183,723
8183,724
8183,725
8183,726
8183,727
8183,728
8183,729
8183,730
8183,731
8183,732
8183,733
8183,734
8183,735
8183,736
8183,737
8183,738
8183,739
8183,740
8183,741
8183,742
8183,743
8183,744
8183,745
8183,746
8183,747
8183,748
8183,749
8183,750
8183,751
8183,752
8183,753
8183,754
8183,755
8183,756
8183,757
8183,758
8183,759
8183,760
8183,761
8183,762
8183,763
8183,764
8183,765
8183,766
8183,767
8183,768
8183,769
8183,770
8183,771
8183,772
8183,773
8183,774
8183,775
8183,776
8183,777
8183,778
8183,779
8183,780
8183,781
8183,782
8183,783
8183,784
8183,785
8183,786
8183,787
8183,788
8183,789
8183,790
8183,791
8183,792
8183,793
8183,794
8183,795
8183,796
8183,797
8183,798
8183,799
8183,800
8183,801
8183,802
8183,803
8183,804
8183,805
8183,806
8183,807
8183,808
8183,809
8183,810
8183,811
8183,812
8183,813
8183,814
8183,815
8183,816
8183,817
8183,818
8183,819
8183,820
8183,821
8183,822
8183,823
8183,824
8183,825
8183,826
8183,827
8183,828
8183,829
8183,830
8183,831
8183,832
8183,833
8183,834
8183,835
8183,836
8183,837
8183,838
8183,839
8183,840
8183,841
8183,842
8183,843
8183,844
8183,845
8183,846
8183,847
8183,848
8183,849
8183,850
8183,851
8183,852
8183,853
8183,854
8183,855
8183,856
8183,857
8183,858
8183,859
8183,860
8183,861
8183,862
8183,863
8183,864
8183,865
8183,866
8183,867
8183,868
8183,869
8183,870
8183,871
8183,872
8183,873
8183,874
8183,875
8183,876
8183,877
8183,878
8183,879
8183,880
8183,881
8183,882
8183,883
8183,884
8183,885
8183,886
8183,887
8183,888
8183,889
8183,890
8183,891
8184,892
8184,893
8184,894
8184,895
8184,896
8184,897
8184,898
8184,899
8183,900
8183,901
8183,902
8183,903
8183,904
8183,905
8183,906
8183,907
8183,908
8183,909
8183,910
8183,911
8183,912
8183,913
8183,914
8183,915
8183,916
8183,917
8183,918
8183,919
8183,920
8183,921
8183,922
8183,923
8183,924
8183,925
8183,926
8183,927
8183,928
8183,929
8183,930
8183,931
8183,932
8183,933
8183,934
8183,935
8183,936
8183,937
8183,938
8183,939
8183,940
8183,941
8183,942
8183,943
8183,944
8183,945
8183,946
8183,947
8183,948
8183,949
8183,950
8183,951
8183,952
8183,953
8183,954
8183,955
8183,956
8183,957
8183,958
8183,959
8183,960
8183,961
8183,962
8183,963
8183,964
8183,965
8183,966
8184,967
8184,968
8184,969
8184,970
8184,971
8183,972
8183,973
8183,974
8183,975
8183,976
8183,977
8183,978
8183,979
8183,980
8183,981
8183,982
8183,983
8183,984
8183,985
8183,986
8183,987
8183,988
8183,989
8183,990
8183,991
8183,992
8183,993
8183,994
8183,995
8183,996
8183,997
8183,998
8183,999
8184,1000
