8152,1
8152,2
8152,3
8152,4
8152,5
8152,6
8152,7
8152,8
8152,9
8152,10
8152,11
8152,12
8152,13
8152,14
8152,15
8152,16
8152,17
8152,18
8152,19
8152,20
8152,21
8152,22
8152,23
8152,24
8152,25
8152,26
8152,27
8152,28
8152,29
8152,30
8152,31
8152,32
8152,33
8152,34
8152,35
8152,36
8152,37
8152,38
8152,39
8152,40
8152,41
8152,42
8152,43
8152,44
8152,45
8152,46
8152,47
8152,48
8152,49
8152,50
8152,51
8152,52
8152,53
8152,54
8152,55
8152,56
8152,57
8152,58
8152,59
8152,60
8152,61
8152,62
8152,63
8152,64
8152,65
8152,66
8152,67
8152,68
8152,69
8152,70
8152,71
8152,72
8152,73
8152,74
8152,75
8152,76
8152,77
8152,78
8152,79
8152,80
8152,81
8152,82
8152,83
8152,84
8152,85
8152,86
8152,87
8152,88
8152,89
8152,90
8152,91
8152,92
8152,93
8152,94
8152,95
8152,96
8152,97
8152,98
8152,99
8152,100
8152,101
8152,102
8152,103
8152,104
8152,105
8152,106
8152,107
8152,108
8152,109
8152,110
8152,111
8152,112
8152,113
8152,114
8152,115
8152,116
8152,117
8152,118
8152,119
8152,120
8152,121
8152,122
8152,123
8152,124
8152,125
8152,126
8152,127
8152,128
8152,129
8152,130
8153,131
8153,132
8152,133
8152,134
8152,135
8152,136
8152,137
8152,138
8152,139
8152,140
8152,141
8152,142
8152,143
8152,144
8152,145
8152,146
8152,147
8152,148
8152,149
8152,150
8152,151
8152,152
8152,153
8152,154
8152,155
8152,156
8152,157
8152,158
8152,159
8152,160
8152,161
8152,162
8152,163
8152,164
8152,165
8152,166
8152,167
8152,168
8152,169
8152,170
8152,171
8152,172
8152,173
8152,174
8152,175
8152,176
8152,177
8152,178
8152,179
8152,180
8152,181
8152,182
8152,183
8152,184
8152,185
8152,186
8152,187
8152,188
8152,189
8152,190
8152,191
8152,192
8152,193
8152,194
8152,195
8152,196
8152,197
8152,198
8152,199
8152,200
8152,201
8152,202
8152,203
8152,204
8152,205
8152,206
8152,207
8152,208
8152,209
8152,210
8152,211
8152,212
8152,213
8152,214
8152,215
8152,216
8152,217
8152,218
8152,219
8152,220
8152,221
8152,222
8152,223
8152,224
8152,225
8152,226
8152,227
8152,228
8152,229
8152,230
8152,231
8152,232
8152,233
8152,234
8152,235
8152,236
8152,237
8152,238
8152,239
8152,240
8152,241
8152,242
8152,243
8152,244
8152,245
8152,246
8152,247
8152,248
8152,249
8152,250
8152,251
8152,252
8152,253
8152,254
8152,255
8152,256
8152,257
8152,258
8152,259
8152,260
8152,261
8152,262
8152,263
8152,264
8152,265
8152,266
8152,267
8152,268
8152,269
8152,270
8152,271
8152,272
8152,273
8152,274
8152,275
8152,276
8152,277
8152,278
8152,279
8152,280
8152,281
8152,282
8152,283
8152,284
8152,285
8152,286
8152,287
8152,288
8152,289
8152,290
8152,291
8152,292
8152,293
8152,294
8152,295
8152,296
8152,297
8152,298
8152,299
8152,300
8152,301
8152,302
8152,303
8152,304
8152,305
8152,306
8152,307
8152,308
8152,309
8152,310
8152,311
8152,312
8152,313
8152,314
8152,315
8152,316
8152,317
8152,318
8152,319
8152,320
8152,321
8152,322
8152,323
8152,324
8152,325
8152,326
8152,327
8152,328
8152,329
8152,330
8152,331
8152,332
8152,333
8152,334
8152,335
8152,336
8152,337
8152,338
8152,339
8152,340
8152,341
8152,342
8152,343
8152,344
8152,345
8152,346
8152,347
8152,348
8152,349
8152,350
8152,351
8152,352
8152,353
8152,354
8152,355
8152,356
8152,357
8152,358
8152,359
8152,360
8152,361
8152,362
8152,363
8152,364
8152,365
8152,366
8152,367
8152,368
8152,369
8152,370
8152,371
8152,372
8152,373
8152,374
8152,375
8152,376
8152,377
8152,378
8152,379
8152,380
8152,381
8152,382
8152,383
8152,384
8152,385
8152,386
8152,387
8152,388
8152,389
8152,390
8152,391
8152,392
8152,393
8152,394
8152,395
8152,396
8152,397
8152,398
8152,399
8152,400
8152,401
8152,402
8152,403
8152,404
8152,405
8152,406
8152,407
8152,408
8152,409
8152,410
8152,411
8152,412
8152,413
8152,414
8152,415
8152,416
8152,417
8152,418
8152,419
8152,420
8152,421
8152,422
8152,423
8152,424
8152,425
8152,426
8152,427
8152,428
8152,429
8152,430
8152,431
8152,432
8152,433
8152,434
8152,435
8152,436
8152,437
8152,438
8152,439
8152,440
8152,441
8152,442
8152,443
8152,444
8152,445
8152,446
8152,447
8152,448
8152,449
8152,450
8152,451
8152,452
8152,453
8152,454
8152,455
8152,456
8152,457
8152,458
8152,459
8152,460
8152,461
8152,462
8152,463
8152,464
8152,465
8152,466
8152,467
8152,468
8152,469
8152,470
8152,471
8152,472
8152,473
8152,474
8152,475
8152,476
8152,477
8152,478
8152,479
8152,480
8152,481
8152,482
8152,483
8152,484
8152,485
8152,486
8152,487
8152,488
8152,489
8152,490
8152,491
8152,492
8152,493
8152,494
8152,495
8152,496
8152,497
8152,498
8152,499
8152,500
8153,501
8153,502
8152,503
8152,504
8152,505
8152,506
8152,507
8152,508
8152,509
8152,510
8152,511
8152,512
8152,513
8152,514
8152,515
8152,516
8152,517
8152,518
8152,519
8152,520
8152,521
8152,522
8152,523
8152,524
8152,525
8152,526
8152,527
8152,528
8152,529
8152,530
8152,531
8152,532
8152,533
8152,534
8152,535
8152,536
8152,537
8152,538
8152,539
8152,540
8152,541
8152,542
8152,543
8152,544
8152,545
8152,546
8152,547
8152,548
8152,549
8152,550
8152,551
8152,552
8152,553
8152,554
8152,555
8152,556
8152,557
8152,558
8152,559
8152,560
8152,561
8152,562
8152,563
8152,564
8152,565
8153,566
8152,567
8152,568
8152,569
8152,570
8152,571
8152,572
8152,573
8152,574
8152,575
8152,576
8152,577
8152,578
8152,579
8152,580
8152,581
8152,582
8152,583
8152,584
8152,585
8152,586
8152,587
8152,588
8152,589
8152,590
8152,591
8152,592
8152,593
8152,594
8152,595
8152,596
8152,597
8152,598
8152,599
8152,600
8152,601
8152,602
8152,603
8152,604
8152,605
8152,606
8152,607
8152,608
8152,609
8152,610
8152,611
8152,612
8152,613
8152,614
8152,615
8152,616
8152,617
8152,618
8152,619
8152,620
8152,621
8152,622
8152,623
8152,624
8152,625
8152,626
8152,627
8152,628
8152,629
8152,630
8152,631
8152,632
8152,633
8152,634
8152,635
8152,636
8152,637
8152,638
8152,639
8152,640
8152,641
8152,642
8152,643
8152,644
8152,645
8152,646
8152,647
8152,648
8152,649
8152,650
8152,651
8152,652
8152,653
8152,654
8152,655
8152,656
8152,657
8152,658
8152,659
8152,660
8152,661
8152,662
8152,663
8152,664
8152,665
8152,666
8152,667
8152,668
8152,669
8152,670
8152,671
8152,672
8152,673
8152,674
8152,675
8152,676
8152,677
8152,678
8152,679
8152,680
8152,681
8152,682
8152,683
8152,684
8152,685
8152,686
8152,687
8152,688
8152,689
8152,690
8152,691
8152,692
8152,693
8152,694
8152,695
8152,696
8152,697
8152,698
8152,699
8152,700
8152,701
8152,702
8152,703
8152,704
8152,705
8152,706
8152,707
8152,708
8152,709
8152,710
8152,711
8152,712
8152,713
8152,714
8152,715
8152,716
8152,717
8152,718
8152,719
8152,720
8152,721
8152,722
8152,723
8152,724
8152,725
8152,726
8152,727
8152,728
8152,729
8152,730
8152,731
8152,732
8152,733
8152,734
8152,735
8152,736
8152,737
8152,738
8152,739
8152,740
8152,741
8152,742
8152,743
8152,744
8152,745
8152,746
8152,747
8152,748
8152,749
8152,750
8152,751
8152,752
8152,753
8152,754
8152,755
8152,756
8152,757
8152,758
8152,759
8152,760
8152,761
8152,762
8152,763
8152,764
8152,765
8152,766
8152,767
8152,768
8152,769
8152,770
8152,771
8152,772
8152,773
8152,774
8152,775
8152,776
8152,777
8152,778
8152,779
8152,780
8152,781
8152,782
8152,783
8152,784
8152,785
8152,786
8152,787
8152,788
8152,789
8152,790
8152,791
8152,792
8152,793
8152,794
8152,795
8152,796
8152,797
8152,798
8152,799
8152,800
8152,801
8152,802
8152,803
8152,804
8152,805
8152,806
8152,807
8152,808
8152,809
8152,810
8152,811
8152,812
8152,813
8152,814
8152,815
8152,816
8152,817
8152,818
8152,819
8152,820
8152,821
8152,822
8152,823
8152,824
8152,825
8152,826
8152,827
8152,828
8152,829
8152,830
8152,831
8152,832
8152,833
8152,834
8152,835
8152,836
8152,837
8152,838
8152,839
8152,840
8152,841
8152,842
8152,843
8152,844
8152,845
8152,846
8152,847
8152,848
8152,849
8152,850
8152,851
8152,852
8152,853
8152,854
8152,855
8152,856
8152,857
8152,858
8152,859
8152,860
8152,861
8152,862
8152,863
8152,864
8152,865
8152,866
8152,867
8152,868
8152,869
8152,870
8152,871
8152,872
8152,873
8152,874
8152,875
8152,876
8152,877
8152,878
8152,879
8152,880
8152,881
8152,882
8152,883
8152,884
8152,885
8152,886
8152,887
8152,888
8152,889
8152,890
8152,891
8152,892
8152,893
8152,894
8152,895
8152,896
8152,897
8152,898
8152,899
8152,900
8152,901
8152,902
8152,903
8152,904
8152,905
8152,906
8152,907
8152,908
8152,909
8152,910
8152,911
8152,912
8152,913
8152,914
8152,915
8152,916
8152,917
8152,918
8152,919
8152,920
8152,921
8152,922
8152,923
8152,924
8152,925
8152,926
8152,927
8152,928
8152,929
8152,930
8152,931
8152,932
8152,933
8152,934
8152,935
8152,936
8152,937
8152,938
8152,939
8152,940
8152,941
8152,942
8152,943
8152,944
8152,945
8152,946
8152,947
8152,948
8152,949
8152,950
8152,951
8152,952
8152,953
8152,954
8152,955
8152,956
8152,957
8152,958
8152,959
8152,960
8152,961
8152,962
8152,963
8152,964
8152,965
8152,966
8152,967
8152,968
8152,969
8152,970
8152,971
8152,972
8152,973
8152,974
8152,975
8152,976
8152,977
8152,978
8152,979
8152,980
8152,981
8152,982
8152,983
8152,984
8152,985
8152,986
8152,987
8152,988
8152,989
8152,990
8152,991
8152,992
8152,993
8152,994
8152,995
8152,996
8152,997
8152,998
8152,999
8152,1000
