8156,1
8156,2
8156,3
8156,4
8156,5
8156,6
8156,7
8156,8
8156,9
8156,10
8156,11
8156,12
8156,13
8156,14
8156,15
8156,16
8156,17
8156,18
8156,19
8156,20
8156,21
8156,22
8156,23
8156,24
8156,25
8156,26
8156,27
8156,28
8156,29
8156,30
8156,31
8156,32
8156,33
8156,34
8156,35
8156,36
8156,37
8156,38
8156,39
8156,40
8156,41
8156,42
8156,43
8156,44
8156,45
8156,46
8156,47
8156,48
8156,49
8156,50
8156,51
8156,52
8156,53
8156,54
8156,55
8156,56
8156,57
8156,58
8156,59
8156,60
8156,61
8156,62
8156,63
8156,64
8156,65
8156,66
8156,67
8156,68
8156,69
8156,70
8156,71
8156,72
8156,73
8156,74
8156,75
8156,76
8156,77
8156,78
8156,79
8156,80
8156,81
8156,82
8156,83
8156,84
8156,85
8156,86
8156,87
8156,88
8156,89
8156,90
8156,91
8156,92
8156,93
8156,94
8156,95
8156,96
8156,97
8156,98
8156,99
8156,100
8156,101
8156,102
8156,103
8156,104
8156,105
8156,106
8156,107
8156,108
8156,109
8156,110
8156,111
8156,112
8156,113
8156,114
8156,115
8156,116
8156,117
8156,118
8156,119
8156,120
8156,121
8156,122
8156,123
8156,124
8156,125
8156,126
8156,127
8156,128
8156,129
8156,130
8156,131
8156,132
8156,133
8156,134
8156,135
8156,136
8156,137
8156,138
8156,139
8156,140
8156,141
8156,142
8156,143
8156,144
8156,145
8156,146
8156,147
8156,148
8156,149
8156,150
8156,151
8156,152
8156,153
8156,154
8156,155
8156,156
8156,157
8156,158
8156,159
8156,160
8156,161
8156,162
8156,163
8156,164
8156,165
8156,166
8156,167
8156,168
8156,169
8156,170
8156,171
8156,172
8156,173
8156,174
8156,175
8156,176
8156,177
8156,178
8156,179
8156,180
8156,181
8156,182
8156,183
8156,184
8156,185
8156,186
8156,187
8156,188
8156,189
8156,190
8156,191
8156,192
8156,193
8156,194
8156,195
8156,196
8156,197
8156,198
8156,199
8156,200
8156,201
8156,202
8156,203
8156,204
8156,205
8156,206
8156,207
8156,208
8156,209
8156,210
8156,211
8156,212
8156,213
8156,214
8156,215
8156,216
8156,217
8156,218
8156,219
8156,220
8156,221
8156,222
8156,223
8156,224
8156,225
8156,226
8156,227
8156,228
8156,229
8156,230
8156,231
8156,232
8156,233
8156,234
8156,235
8156,236
8156,237
8156,238
8156,239
8156,240
8156,241
8156,242
8156,243
8156,244
8156,245
8156,246
8156,247
8156,248
8156,249
8156,250
8156,251
8156,252
8156,253
8156,254
8156,255
8156,256
8156,257
8156,258
8156,259
8156,260
8156,261
8156,262
8156,263
8156,264
8156,265
8156,266
8156,267
8156,268
8156,269
8156,270
8156,271
8156,272
8156,273
8156,274
8156,275
8156,276
8156,277
8156,278
8156,279
8156,280
8156,281
8156,282
8156,283
8156,284
8156,285
8156,286
8156,287
8156,288
8156,289
8156,290
8156,291
8156,292
8156,293
8156,294
8156,295
8156,296
8156,297
8156,298
8156,299
8156,300
8156,301
8156,302
8156,303
8156,304
8156,305
8156,306
8156,307
8156,308
8156,309
8156,310
8156,311
8156,312
8156,313
8156,314
8156,315
8156,316
8156,317
8156,318
8156,319
8156,320
8156,321
8156,322
8156,323
8156,324
8156,325
8156,326
8156,327
8156,328
8156,329
8156,330
8156,331
8156,332
8156,333
8156,334
8156,335
8156,336
8156,337
8156,338
8156,339
8156,340
8156,341
8156,342
8156,343
8156,344
8156,345
8156,346
8156,347
8156,348
8156,349
8156,350
8156,351
8156,352
8156,353
8156,354
8156,355
8156,356
8156,357
8156,358
8156,359
8156,360
8156,361
8156,362
8156,363
8156,364
8156,365
8156,366
8156,367
8156,368
8156,369
8156,370
8156,371
8156,372
8156,373
8156,374
8156,375
8156,376
8156,377
8156,378
8156,379
8156,380
8156,381
8156,382
8156,383
8156,384
8156,385
8156,386
8156,387
8156,388
8156,389
8156,390
8156,391
8156,392
8156,393
8156,394
8156,395
8156,396
8156,397
8156,398
8156,399
8156,400
8156,401
8156,402
8156,403
8156,404
8156,405
8156,406
8156,407
8156,408
8156,409
8156,410
8156,411
8156,412
8156,413
8156,414
8156,415
8156,416
8156,417
8156,418
8156,419
8156,420
8156,421
8156,422
8156,423
8156,424
8156,425
8156,426
8156,427
8156,428
8156,429
8156,430
8156,431
8156,432
8156,433
8156,434
8156,435
8156,436
8156,437
8156,438
8156,439
8156,440
8156,441
8156,442
8156,443
8156,444
8156,445
8156,446
8156,447
8156,448
8156,449
8156,450
8156,451
8156,452
8156,453
8156,454
8156,455
8156,456
8156,457
8156,458
8156,459
8156,460
8156,461
8156,462
8156,463
8156,464
8156,465
8156,466
8156,467
8156,468
8156,469
8156,470
8156,471
8156,472
8156,473
8156,474
8156,475
8156,476
8156,477
8156,478
8156,479
8156,480
8156,481
8156,482
8156,483
8156,484
8156,485
8156,486
8156,487
8156,488
8156,489
8156,490
8156,491
8156,492
8156,493
8156,494
8156,495
8156,496
8156,497
8156,498
8156,499
8156,500
8156,501
8156,502
8156,503
8156,504
8156,505
8156,506
8156,507
8156,508
8156,509
8156,510
8156,511
8156,512
8156,513
8156,514
8156,515
8156,516
8156,517
8156,518
8156,519
8156,520
8156,521
8156,522
8156,523
8156,524
8156,525
8156,526
8156,527
8156,528
8156,529
8156,530
8156,531
8156,532
8156,533
8156,534
8156,535
8156,536
8156,537
8156,538
8156,539
8156,540
8156,541
8156,542
8156,543
8156,544
8156,545
8156,546
8156,547
8156,548
8156,549
8156,550
8156,551
8156,552
8156,553
8156,554
8156,555
8156,556
8156,557
8156,558
8156,559
8156,560
8156,561
8156,562
8156,563
8156,564
8156,565
8156,566
8156,567
8156,568
8156,569
8156,570
8156,571
8156,572
8156,573
8156,574
8156,575
8156,576
8156,577
8156,578
8156,579
8156,580
8156,581
8156,582
8156,583
8156,584
8156,585
8156,586
8156,587
8156,588
8156,589
8156,590
8156,591
8156,592
8156,593
8156,594
8156,595
8156,596
8156,597
8156,598
8156,599
8156,600
8156,601
8156,602
8156,603
8156,604
8156,605
8156,606
8156,607
8156,608
8156,609
8156,610
8156,611
8156,612
8156,613
8156,614
8156,615
8156,616
8156,617
8156,618
8156,619
8156,620
8156,621
8156,622
8156,623
8156,624
8156,625
8156,626
8156,627
8156,628
8156,629
8156,630
8156,631
8156,632
8156,633
8156,634
8156,635
8156,636
8156,637
8156,638
8156,639
8156,640
8156,641
8156,642
8156,643
8156,644
8156,645
8156,646
8156,647
8156,648
8156,649
8156,650
8156,651
8156,652
8156,653
8156,654
8156,655
8156,656
8156,657
8156,658
8156,659
8156,660
8156,661
8156,662
8156,663
8156,664
8156,665
8156,666
8156,667
8156,668
8156,669
8156,670
8156,671
8156,672
8156,673
8156,674
8156,675
8156,676
8156,677
8156,678
8156,679
8156,680
8156,681
8156,682
8156,683
8156,684
8156,685
8156,686
8156,687
8156,688
8156,689
8156,690
8156,691
8156,692
8156,693
8156,694
8156,695
8156,696
8156,697
8156,698
8156,699
8156,700
8156,701
8156,702
8156,703
8156,704
8156,705
8156,706
8156,707
8156,708
8156,709
8156,710
8156,711
8156,712
8156,713
8156,714
8156,715
8156,716
8156,717
8156,718
8156,719
8156,720
8156,721
8156,722
8156,723
8156,724
8156,725
8156,726
8156,727
8156,728
8156,729
8156,730
8156,731
8156,732
8156,733
8156,734
8156,735
8156,736
8156,737
8156,738
8156,739
8156,740
8156,741
8156,742
8156,743
8156,744
8156,745
8156,746
8156,747
8156,748
8156,749
8156,750
8156,751
8156,752
8156,753
8156,754
8156,755
8156,756
8156,757
8156,758
8156,759
8156,760
8156,761
8156,762
8156,763
8156,764
8156,765
8156,766
8156,767
8156,768
8156,769
8156,770
8156,771
8156,772
8156,773
8156,774
8156,775
8156,776
8156,777
8156,778
8156,779
8156,780
8156,781
8156,782
8156,783
8156,784
8156,785
8156,786
8156,787
8156,788
8156,789
8156,790
8156,791
8156,792
8156,793
8156,794
8156,795
8156,796
8156,797
8156,798
8156,799
8156,800
8156,801
8156,802
8156,803
8156,804
8156,805
8156,806
8156,807
8156,808
8156,809
8156,810
8156,811
8156,812
8156,813
8156,814
8156,815
8156,816
8156,817
8156,818
8156,819
8156,820
8156,821
8156,822
8156,823
8156,824
8156,825
8156,826
8156,827
8156,828
8156,829
8156,830
8156,831
8156,832
8156,833
8156,834
8156,835
8156,836
8156,837
8156,838
8156,839
8156,840
8156,841
8156,842
8156,843
8156,844
8156,845
8156,846
8156,847
8156,848
8156,849
8156,850
8156,851
8156,852
8156,853
8156,854
8156,855
8156,856
8156,857
8156,858
8156,859
8156,860
8156,861
8156,862
8156,863
8156,864
8156,865
8156,866
8156,867
8156,868
8156,869
8156,870
8156,871
8156,872
8156,873
8156,874
8156,875
8156,876
8156,877
8156,878
8156,879
8156,880
8156,881
8156,882
8156,883
8156,884
8156,885
8156,886
8156,887
8156,888
8156,889
8156,890
8156,891
8156,892
8156,893
8156,894
8156,895
8156,896
8156,897
8156,898
8156,899
8156,900
8156,901
8156,902
8156,903
8156,904
8156,905
8156,906
8156,907
8156,908
8156,909
8156,910
8156,911
8156,912
8156,913
8156,914
8156,915
8156,916
8156,917
8156,918
8156,919
8156,920
8156,921
8156,922
8156,923
8156,924
8156,925
8156,926
8156,927
8156,928
8156,929
8156,930
8156,931
8156,932
8156,933
8156,934
8156,935
8156,936
8156,937
8156,938
8156,939
8156,940
8156,941
8156,942
8156,943
8156,944
8156,945
8156,946
8156,947
8156,948
8156,949
8156,950
8156,951
8156,952
8156,953
8156,954
8156,955
8156,956
8156,957
8156,958
8156,959
8156,960
8156,961
8156,962
8156,963
8156,964
8156,965
8156,966
8156,967
8156,968
8156,969
8156,970
8156,971
8156,972
8156,973
8156,974
8156,975
8156,976
8156,977
8156,978
8156,979
8156,980
8156,981
8156,982
8156,983
8156,984
8156,985
8156,986
8156,987
8156,988
8156,989
8156,990
8156,991
8156,992
8156,993
8156,994
8156,995
8156,996
8156,997
8156,998
8156,999
8156,1000
