8206,1
8206,2
8206,3
8206,4
8206,5
8206,6
8206,7
8206,8
8206,9
8206,10
8206,11
8206,12
8206,13
8206,14
8206,15
8206,16
8206,17
8206,18
8206,19
8206,20
8206,21
8206,22
8206,23
8206,24
8206,25
8206,26
8206,27
8206,28
8206,29
8206,30
8206,31
8206,32
8206,33
8206,34
8206,35
8206,36
8206,37
8206,38
8206,39
8206,40
8206,41
8206,42
8206,43
8206,44
8206,45
8206,46
8206,47
8206,48
8206,49
8206,50
8206,51
8206,52
8206,53
8206,54
8206,55
8206,56
8206,57
8206,58
8206,59
8206,60
8206,61
8206,62
8206,63
8206,64
8206,65
8206,66
8206,67
8206,68
8206,69
8206,70
8206,71
8206,72
8206,73
8206,74
8206,75
8206,76
8206,77
8206,78
8206,79
8206,80
8206,81
8206,82
8206,83
8206,84
8203,85
8192,86
8199,87
8209,88
8213,89
8204,90
8154,91
8116,92
8124,93
8153,94
8212,95
8195,96
8126,97
8120,98
8117,99
8126,100
8175,101
8211,102
8190,103
8120,104
8121,105
8118,106
8129,107
8178,108
8212,109
8206,110
8210,111
8210,112
8210,113
8198,114
8188,115
8187,116
8172,117
8160,118
8157,119
8163,120
8178,121
8186,122
8186,123
8192,124
8205,125
8205,126
8206,127
8207,128
8207,129
8201,130
8192,131
8191,132
8191,133
8192,134
8198,135
8204,136
8205,137
8206,138
8198,139
8214,140
8208,141
8143,142
8099,143
8117,144
8213,145
8130,146
8091,147
8098,148
8147,149
8205,150
8104,151
8099,152
8108,153
8204,154
8203,155
8199,156
8099,157
8101,158
8112,159
8202,160
8198,161
8197,162
8095,163
8098,164
8099,165
8106,166
8153,167
8192,168
8197,169
8191,170
8189,171
8119,172
8104,173
8125,174
8204,175
8197,176
8201,177
8191,178
8179,179
8105,180
8103,181
8104,182
8104,183
8162,184
8191,185
8194,186
8189,187
8153,188
8110,189
8108,190
8118,191
8172,192
8198,193
8198,194
8195,195
8175,196
8108,197
8106,198
8109,199
8129,200
8194,201
8194,202
8197,203
8165,204
8126,205
8109,206
8109,207
8120,208
8151,209
8194,210
8190,211
8196,212
8189,213
8174,214
8129,215
8110,216
8110,217
8157,218
8198,219
8195,220
8198,221
8198,222
8195,223
8173,224
8113,225
8107,226
8112,227
8181,228
8198,229
8193,230
8193,231
8167,232
8120,233
8111,234
8111,235
8138,236
8188,237
8197,238
8197,239
8186,240
8156,241
8108,242
8107,243
8128,244
8198,245
8201,246
8201,247
8197,248
8197,249
8165,250
8108,251
8108,252
8121,253
8168,254
8195,255
8197,256
8189,257
8171,258
8133,259
8110,260
8119,261
8192,262
8202,263
8199,264
8195,265
8171,266
8113,267
8111,268
8117,269
8153,270
8197,271
8197,272
8197,273
8166,274
8134,275
8114,276
8148,277
8199,278
8199,279
8199,280
8199,281
8188,282
8154,283
8122,284
8119,285
8138,286
8187,287
8191,288
8185,289
8154,290
8113,291
8111,292
8130,293
8180,294
8198,295
8198,296
8191,297
8172,298
8134,299
8113,300
8129,301
8171,302
8200,303
8197,304
8186,305
8149,306
8115,307
8113,308
8131,309
8179,310
8197,311
8197,312
8188,313
8168,314
8133,315
8115,316
8135,317
8186,318
8199,319
8199,320
8190,321
8176,322
8128,323
8112,324
8118,325
8162,326
8198,327
8195,328
8191,329
8172,330
8129,331
8112,332
8121,333
8188,334
8202,335
8199,336
8193,337
8185,338
8138,339
8112,340
8112,341
8118,342
8172,343
8194,344
8199,345
8179,346
8145,347
8110,348
8113,349
8158,350
8201,351
8201,352
8201,353
8198,354
8198,355
8158,356
8111,357
8120,358
8139,359
8193,360
8190,361
8195,362
8156,363
8139,364
8125,365
8129,366
8180,367
8200,368
8200,369
8197,370
8197,371
8157,372
8115,373
8118,374
8144,375
8192,376
8195,377
8195,378
8147,379
8111,380
8111,381
8132,382
8178,383
8198,384
8195,385
8185,386
8142,387
8115,388
8123,389
8162,390
8198,391
8193,392
8182,393
8122,394
8109,395
8109,396
8132,397
8165,398
8197,399
8175,400
8125,401
8110,402
8110,403
8133,404
8173,405
8193,406
8184,407
8151,408
8112,409
8110,410
8125,411
8195,412
8198,413
8178,414
8147,415
8111,416
8111,417
8118,418
8139,419
8158,420
8158,421
8159,422
8141,423
8110,424
8113,425
8143,426
8197,427
8192,428
8156,429
8109,430
8125,431
8174,432
8195,433
8164,434
8118,435
8121,436
8169,437
8193,438
8150,439
8112,440
8120,441
8161,442
8188,443
8157,444
8110,445
8119,446
8157,447
8178,448
8136,449
8110,450
8119,451
8145,452
8156,453
8109,454
8112,455
8113,456
8147,457
8147,458
8109,459
8109,460
8120,461
8151,462
8137,463
8107,464
8107,465
8122,466
8168,467
8187,468
8119,469
8106,470
8115,471
8156,472
8174,473
8174,474
8150,475
8130,476
8137,477
8134,478
8132,479
8152,480
8161,481
8167,482
8173,483
8183,484
8194,485
8194,486
8194,487
8194,488
8193,489
8184,490
8177,491
8176,492
8176,493
8180,494
8189,495
8192,496
8192,497
8186,498
8164,499
8153,500
8153,501
8166,502
8174,503
8177,504
8194,505
8195,506
8195,507
8195,508
8195,509
8187,510
8167,511
8150,512
8125,513
8107,514
8113,515
8123,516
8155,517
8167,518
8179,519
8193,520
8194,521
8194,522
8194,523
8194,524
8182,525
8163,526
8162,527
8162,528
8152,529
8155,530
8168,531
8173,532
8173,533
8174,534
8192,535
8193,536
8193,537
8193,538
8193,539
8187,540
8179,541
8178,542
8178,543
8179,544
8188,545
8191,546
8192,547
8193,548
8193,549
8193,550
8192,551
8189,552
8188,553
8188,554
8191,555
8192,556
8192,557
8192,558
8192,559
8192,560
8192,561
8191,562
8191,563
8192,564
8192,565
8192,566
8192,567
8192,568
8192,569
8192,570
8192,571
8192,572
8192,573
8192,574
8192,575
8192,576
8192,577
8192,578
8192,579
8192,580
8192,581
8192,582
8192,583
8192,584
8192,585
8192,586
8192,587
8192,588
8192,589
8192,590
8192,591
8192,592
8192,593
8192,594
8192,595
8192,596
8192,597
8192,598
8192,599
8192,600
8192,601
8192,602
8192,603
8192,604
8192,605
8192,606
8192,607
8192,608
8192,609
8192,610
8192,611
8192,612
8192,613
8192,614
8192,615
8192,616
8192,617
8192,618
8192,619
8192,620
8192,621
8192,622
8192,623
8192,624
8192,625
8192,626
8192,627
8192,628
8192,629
8192,630
8192,631
8192,632
8192,633
8192,634
8192,635
8192,636
8192,637
8192,638
8192,639
8192,640
8192,641
8192,642
8192,643
8192,644
8192,645
8192,646
8192,647
8192,648
8192,649
8192,650
8192,651
8192,652
8192,653
8192,654
8192,655
8192,656
8192,657
8192,658
8192,659
8192,660
8192,661
8192,662
8192,663
8192,664
8192,665
8192,666
8192,667
8192,668
8192,669
8192,670
8192,671
8192,672
8192,673
8192,674
8192,675
8192,676
8192,677
8192,678
8192,679
8192,680
8192,681
8192,682
8192,683
8192,684
8192,685
8192,686
8192,687
8192,688
8192,689
8192,690
8192,691
8192,692
8192,693
8192,694
8192,695
8192,696
8192,697
8192,698
8192,699
8192,700
8192,701
8192,702
8192,703
8192,704
8192,705
8192,706
8192,707
8192,708
8192,709
8192,710
8192,711
8192,712
8192,713
8192,714
8192,715
8192,716
8192,717
8192,718
8192,719
8192,720
8192,721
8192,722
8192,723
8192,724
8192,725
8192,726
8192,727
8192,728
8192,729
8192,730
8192,731
8192,732
8192,733
8192,734
8192,735
8192,736
8192,737
8192,738
8192,739
8192,740
8192,741
8192,742
8192,743
8192,744
8192,745
8192,746
8192,747
8192,748
8192,749
8192,750
8192,751
8192,752
8192,753
8192,754
8192,755
8192,756
8192,757
8192,758
8192,759
8192,760
8192,761
8192,762
8192,763
8192,764
8192,765
8192,766
8192,767
8192,768
8192,769
8192,770
8192,771
8192,772
8192,773
8192,774
8192,775
8192,776
8192,777
8192,778
8192,779
8192,780
8192,781
8192,782
8192,783
8192,784
8192,785
8192,786
8192,787
8192,788
8192,789
8192,790
8192,791
8192,792
8192,793
8192,794
8192,795
8192,796
8192,797
8192,798
8192,799
8192,800
8192,801
8192,802
8192,803
8192,804
8192,805
8192,806
8192,807
8192,808
8192,809
8192,810
8192,811
8192,812
8192,813
8192,814
8192,815
8192,816
8192,817
8192,818
8192,819
8192,820
8192,821
8192,822
8192,823
8192,824
8192,825
8192,826
8192,827
8192,828
8192,829
8192,830
8192,831
8192,832
8192,833
8192,834
8192,835
8192,836
8192,837
8192,838
8192,839
8192,840
8192,841
8192,842
8192,843
8192,844
8192,845
8192,846
8192,847
8192,848
8192,849
8192,850
8192,851
8192,852
8192,853
8192,854
8192,855
8192,856
8192,857
8192,858
8192,859
8192,860
8192,861
8192,862
8192,863
8192,864
8192,865
8192,866
8192,867
8192,868
8192,869
8192,870
8192,871
8192,872
8192,873
8192,874
8192,875
8192,876
8192,877
8192,878
8192,879
8192,880
8192,881
8192,882
8192,883
8192,884
8192,885
8192,886
8192,887
8192,888
8192,889
8192,890
8192,891
8192,892
8192,893
8192,894
8192,895
8192,896
8192,897
8192,898
8192,899
8192,900
8192,901
8192,902
8192,903
8192,904
8192,905
8192,906
8192,907
8192,908
8192,909
8192,910
8192,911
8192,912
8192,913
8192,914
8192,915
8192,916
8192,917
8192,918
8192,919
8192,920
8192,921
8192,922
8192,923
8192,924
8192,925
8192,926
8192,927
8192,928
8192,929
8192,930
8192,931
8192,932
8192,933
8192,934
8192,935
8192,936
8192,937
8192,938
8192,939
8192,940
8192,941
8192,942
8192,943
8192,944
8192,945
8192,946
8192,947
8192,948
8192,949
8192,950
8192,951
8192,952
8192,953
8192,954
8192,955
8192,956
8192,957
8192,958
8192,959
8192,960
8192,961
8192,962
8192,963
8192,964
8192,965
8192,966
8192,967
8192,968
8192,969
8192,970
8192,971
8192,972
8192,973
8192,974
8192,975
8192,976
8192,977
8192,978
8192,979
8192,980
8192,981
8192,982
8192,983
8192,984
8192,985
8192,986
8192,987
8192,988
8192,989
8192,990
8192,991
8192,992
8192,993
8192,994
8192,995
8192,996
8192,997
8192,998
8192,999
8192,1000
