8130,1
8130,2
8130,3
8130,4
8130,5
8130,6
8130,7
8130,8
8130,9
8130,10
8130,11
8130,12
8130,13
8130,14
8130,15
8130,16
8130,17
8130,18
8130,19
8130,20
8130,21
8130,22
8130,23
8130,24
8130,25
8130,26
8130,27
8130,28
8130,29
8130,30
8130,31
8130,32
8130,33
8130,34
8130,35
8130,36
8130,37
8130,38
8130,39
8130,40
8130,41
8130,42
8130,43
8130,44
8130,45
8130,46
8130,47
8130,48
8130,49
8130,50
8130,51
8130,52
8130,53
8130,54
8130,55
8130,56
8130,57
8130,58
8130,59
8130,60
8130,61
8130,62
8130,63
8130,64
8130,65
8130,66
8130,67
8130,68
8130,69
8130,70
8130,71
8130,72
8130,73
8130,74
8130,75
8130,76
8130,77
8130,78
8130,79
8130,80
8130,81
8130,82
8130,83
8130,84
8130,85
8130,86
8130,87
8130,88
8130,89
8130,90
8130,91
8130,92
8130,93
8130,94
8130,95
8130,96
8130,97
8130,98
8130,99
8130,100
