386,962,16524,65511,10,65526,0,2,700,88,59569,62911,1
350,898,16456,65510,9,65526,0,2,700,83,59579,62910,2
380,940,16534,65511,8,65525,0,2,700,78,59580,62909,3
340,916,16504,65511,11,65526,0,2,700,95,59586,62913,4
316,992,16510,65512,10,65526,0,2,700,97,59594,62922,5
344,966,16464,65512,9,65524,0,2,700,100,59604,62918,6
428,940,16472,65511,9,65525,0,2,700,103,59602,62916,7
356,914,16508,65511,9,65524,0,2,700,100,59602,62916,8
386,996,16540,65511,9,65525,0,2,700,91,59604,62925,9
348,940,16602,65512,10,65525,0,2,700,83,59611,62919,10
388,906,16516,65512,11,65526,0,2,700,79,59605,62921,11
390,994,16636,65513,9,65525,0,2,700,83,59607,62921,12
392,902,16570,65512,8,65526,0,2,700,89,59609,62920,13
328,918,16524,65512,10,65525,0,2,700,95,59593,62904,14
350,950,16502,65512,10,65525,0,2,700,101,59583,62908,15
354,946,16628,65512,9,65525,0,2,700,100,59579,62899,16
342,912,16504,65514,10,65525,0,2,700,98,59575,62903,17
330,948,16572,65512,11,65525,0,2,700,100,59575,62907,18
342,970,16438,65511,8,65527,0,2,700,95,59584,62909,19
348,912,16560,65510,10,65525,0,2,700,88,59583,62892,20
410,934,16526,65512,9,65524,0,2,700,96,59580,62899,21
416,988,16580,65511,9,65525,0,2,700,91,59580,62887,22
400,944,16572,65510,9,65526,0,2,700,90,59576,62881,23
290,948,16614,65510,9,65526,0,2,700,85,59581,62883,24
400,934,16470,65509,9,65525,0,2,700,86,59585,62899,25
364,918,16484,65512,9,65525,0,2,700,81,59592,62905,26
362,956,16590,65511,9,65524,0,2,700,87,59591,62907,27
308,964,16418,65510,9,65525,0,2,700,91,59597,62908,28
406,974,16400,65512,9,65524,0,2,700,103,59588,62911,29
416,856,16578,65512,8,65526,0,2,700,103,59581,62908,30
356,962,16572,65511,9,65526,0,2,700,110,59586,62898,31
332,868,16510,65512,10,65525,0,2,700,107,59589,62899,32
364,904,16478,65513,9,65525,0,2,700,103,59581,62900,33
360,960,16516,65510,9,65525,0,2,700,100,59585,62901,34
342,964,16576,65511,9,65524,0,2,700,99,59590,62903,35
398,938,16430,65512,9,65525,0,2,700,95,59581,62901,36
374,964,16580,65512,10,65526,0,2,700,97,59580,62899,37
328,962,16532,65511,9,65525,0,2,700,104,59582,62896,38
342,1022,16488,65512,8,65524,0,2,700,109,59583,62895,39
376,958,16520,65510,10,65526,0,2,700,117,59583,62890,40
382,930,16616,65510,9,65525,0,2,700,116,59591,62889,41
358,948,16510,65510,9,65524,0,2,700,118,59594,62893,42
360,952,16582,65512,10,65525,0,2,700,115,59601,62893,43
408,928,16506,65511,10,65526,0,2,700,109,59600,62888,44
360,956,16418,65511,7,65524,0,2,700,106,59604,62888,45
328,960,16618,65511,9,65523,0,2,700,108,59600,62889,46
378,922,16576,65511,10,65525,0,2,700,102,59599,62884,47
364,916,16502,65512,8,65526,0,2,700,98,59596,62882,48
378,910,16498,65511,8,65525,0,2,700,92,59595,62883,49
342,936,16530,65512,9,65525,0,2,700,91,59583,62883,50
388,924,16530,65510,11,65525,0,2,700,100,59589,62900,51
370,936,16512,65512,8,65524,0,2,700,105,59588,62904,52
404,920,16448,65511,9,65524,0,2,700,100,59590,62908,53
386,918,16568,65511,8,65524,0,2,700,97,59594,62909,54
348,924,16550,65512,9,65525,0,2,700,95,59601,62915,55
376,914,16538,65511,8,65525,0,2,700,76,59599,62910,56
360,918,16474,65511,10,65525,0,2,700,71,59600,62899,57
396,970,16542,65512,8,65525,0,2,700,80,59595,62900,58
298,962,16596,65511,8,65524,0,2,700,87,59590,62893,59
380,952,16476,65512,8,65524,0,2,700,90,59588,62880,60
390,906,16516,65511,9,65525,0,2,700,91,59583,62875,61
404,880,16454,65512,9,65525,0,2,700,92,59589,62883,62
378,914,16428,65512,9,65526,0,2,700,90,59591,62880,63
340,888,16470,65512,9,65524,0,2,700,90,59588,62890,64
302,948,16548,65511,10,65526,0,2,700,89,59585,62902,65
400,926,16546,65511,9,65525,0,2,700,97,59587,62891,66
344,892,16514,65513,9,65525,0,2,700,101,59577,62888,67
382,962,16598,65513,9,65525,0,2,700,99,59575,62888,68
352,950,16446,65511,8,65525,0,2,700,98,59581,62887,69
324,994,16610,65512,9,65526,0,2,700,94,59588,62880,70
370,956,16416,65512,8,65524,0,2,700,87,59587,62888,71
380,968,16564,65510,9,65526,0,2,700,82,59584,62895,72
356,970,16586,65511,10,65525,0,2,700,82,59590,62894,73
312,934,16556,65511,9,65525,0,2,700,80,59594,62897,74
378,894,16444,65512,8,65525,0,2,700,84,59587,62903,75
332,972,16462,65513,8,65525,0,2,700,94,59581,62904,76
412,992,16608,65511,9,65524,0,2,700,93,59590,62913,77
342,978,16558,65511,9,65524,0,2,700,92,59584,62914,78
392,928,16548,65510,9,65526,0,2,700,94,59584,62913,79
436,928,16540,65513,9,65526,0,2,700,87,59590,62917,80
404,936,16554,65512,10,65525,0,2,700,74,59602,62920,81
348,944,16558,65511,10,65525,0,2,700,72,59596,62910,82
296,890,16554,65513,10,65524,0,2,700,73,59600,62923,83
312,946,16556,65510,9,65525,0,2,700,68,59595,62917,84
358,960,16612,65510,9,65525,0,2,700,70,59593,62913,85
346,948,16478,65511,9,65526,0,2,700,81,59588,62908,86
332,960,16464,65511,9,65525,0,2,700,89,59585,62912,87
396,978,16590,65511,9,65525,0,2,700,87,59587,62906,88
336,974,16494,65511,9,65524,0,2,700,88,59586,62906,89
350,944,16544,65513,10,65524,0,2,700,85,59582,62906,90
292,996,16514,65512,9,65525,0,2,700,79,59580,62905,91
388,922,16666,65512,9,65525,0,2,700,78,59585,62907,92
410,940,16518,65512,9,65524,0,2,700,75,59587,62909,93
356,1002,16508,65510,9,65526,0,2,700,85,59591,62910,94
354,948,16532,65510,9,65525,0,2,700,98,59593,62908,95
378,894,16580,65511,10,65524,0,2,700,100,59589,62907,96
446,964,16608,65509,10,65526,0,2,700,95,59586,62891,97
342,892,16532,65511,9,65526,0,2,700,97,59579,62884,98
390,926,16532,65511,9,65526,0,2,700,88,59579,62880,99
324,926,16606,65512,9,65525,0,2,700,82,59584,62877,100
354,982,16530,65511,8,65525,0,2,700,78,59586,62877,101
374,906,16510,65512,9,65525,0,2,700,79,59591,62885,102
288,932,16584,65513,11,65524,0,2,700,77,59595,62877,103
338,876,16458,65511,10,65524,0,2,700,77,59600,62888,104
370,936,16484,65512,11,65524,0,2,700,70,59602,62896,105
336,910,16576,65513,10,65527,0,2,700,71,59605,62903,106
324,926,16546,65512,9,65525,0,2,700,74,59608,62899,107
378,956,16624,65512,9,65525,0,2,700,75,59598,62902,108
356,936,16492,65512,9,65525,0,2,700,83,59602,62899,109
366,956,16588,65510,9,65526,0,2,700,90,59598,62899,110
368,964,16506,65511,9,65524,0,2,700,94,59594,62895,111
332,926,16534,65512,7,65525,0,2,700,86,59582,62895,112
416,942,16510,65510,9,65525,0,2,700,82,59592,62907,113
340,954,16598,65510,9,65526,0,2,700,77,59589,62905,114
318,910,16598,65510,10,65525,0,2,700,71,59589,62901,115
374,910,16536,65510,8,65524,0,2,700,67,59595,62896,116
360,910,16604,65511,8,65525,0,2,700,75,59602,62897,117
376,934,16546,65512,9,65524,0,2,700,85,59603,62897,118
370,932,16586,65512,8,65525,0,2,700,80,59592,62893,119
384,902,16558,65511,7,65525,0,2,700,81,59594,62894,120
330,924,16574,65510,8,65525,0,2,700,74,59585,62905,121
388,942,16486,65511,9,65524,0,2,700,70,59584,62912,122
332,888,16534,65511,9,65526,0,2,700,64,59582,62898,123
420,1002,16500,65512,9,65526,0,2,700,71,59583,62901,124
388,924,16504,65510,9,65524,0,2,700,72,59584,62900,125
398,938,16496,65511,7,65526,0,2,700,81,59588,62891,126
366,914,16544,65510,10,65525,0,2,700,86,59582,62883,127
276,1002,16538,65512,11,65525,0,2,700,85,59582,62882,128
334,952,16552,65511,8,65524,0,2,700,80,59582,62879,129
386,988,16564,65510,9,65526,0,2,700,78,59581,62877,130
338,946,16436,65512,9,65525,0,2,700,81,59585,62881,131
406,916,16584,65514,9,65525,0,2,700,81,59595,62885,132
354,940,16432,65510,9,65523,0,2,700,77,59600,62894,133
352,964,16474,65512,8,65525,0,2,700,71,59602,62897,134
392,976,16572,65509,8,65525,0,2,700,70,59597,62887,135
366,976,16574,65512,9,65525,0,2,700,66,59603,62879,136
402,970,16484,65510,8,65526,0,2,700,63,59604,62877,137
374,940,16522,65511,9,65524,0,2,700,62,59595,62875,138
380,898,16550,65512,8,65526,0,2,700,75,59598,62878,139
312,954,16516,65510,10,65525,0,2,700,83,59604,62891,140
396,934,16586,65512,10,65526,0,2,700,87,59604,62901,141
348,948,16532,65513,9,65526,0,2,700,90,59604,62900,142
372,930,16540,65511,9,65526,0,2,700,93,59611,62891,143
368,882,16526,65512,9,65525,0,2,700,92,59609,62891,144
320,958,16602,65511,10,65526,0,2,700,93,59608,62888,145
362,872,16584,65512,9,65526,0,2,700,90,59598,62889,146
372,924,16442,65512,9,65524,0,2,700,85,59590,62891,147
314,994,16558,65513,10,65525,0,2,700,80,59583,62900,148
370,954,16638,65510,9,65525,0,2,700,80,59578,62896,149
316,942,16644,65511,9,65525,0,2,700,72,59568,62893,150
382,922,16460,65510,9,65525,0,2,700,70,59576,62895,151
392,922,16618,65511,9,65524,0,2,700,67,59577,62899,152
334,896,16438,65514,10,65524,0,2,700,75,59576,62897,153
350,920,16504,65510,9,65526,0,2,700,70,59583,62901,154
290,966,16420,65512,9,65526,0,2,700,70,59594,62908,155
358,898,16496,65511,9,65523,0,2,700,73,59585,62908,156
370,950,16566,65511,10,65525,0,2,700,80,59589,62907,157
352,926,16574,65512,10,65524,0,2,700,75,59588,62903,158
372,912,16528,65512,9,65526,0,2,700,75,59590,62903,159
354,870,16524,65510,8,65525,0,2,700,79,59587,62893,160
368,986,16598,65511,10,65525,0,2,700,80,59596,62891,161
380,892,16492,65512,10,65526,0,2,700,84,59600,62884,162
380,964,16548,65513,9,65524,0,2,700,91,59599,62886,163
350,976,16578,65511,9,65524,0,2,700,89,59593,62880,164
354,904,16582,65511,9,65524,0,2,700,85,59602,62883,165
340,892,16552,65512,7,65524,0,2,700,71,59591,62879,166
380,902,16504,65513,9,65525,0,2,700,66,59586,62882,167
400,988,16504,65511,9,65525,0,2,700,75,59597,62889,168
366,914,16600,65512,9,65525,0,2,700,86,59595,62893,169
342,958,16516,65513,9,65526,0,2,700,82,59589,62888,170
354,994,16498,65512,9,65525,0,2,700,99,59596,62893,171
376,968,16612,65511,8,65523,0,2,700,98,59591,62894,172
380,944,16580,65512,9,65526,0,2,700,85,59587,62884,173
344,916,16648,65512,9,65524,0,2,700,78,59591,62878,174
414,1018,16582,65512,10,65526,0,2,700,87,59587,62890,175
330,974,16530,65511,8,65523,0,2,700,81,59587,62889,176
366,926,16634,65511,8,65525,0,2,700,83,59600,62887,177
354,856,16494,65510,8,65524,0,2,700,84,59596,62888,178
360,904,16556,65510,9,65525,0,2,700,80,59595,62886,179
348,950,16530,65511,10,65526,0,2,700,85,59601,62880,180
408,854,16514,65512,9,65525,0,2,700,87,59606,62877,181
334,908,16524,65513,9,65524,0,2,700,85,59599,62876,182
390,932,16556,65511,9,65525,0,2,700,88,59597,62875,183
336,928,16518,65511,9,65525,0,2,700,90,59599,62880,184
390,918,16506,65511,9,65523,0,2,700,79,59593,62880,185
312,942,16552,65512,8,65525,0,2,700,72,59586,62875,186
274,980,16528,65511,8,65527,0,2,700,73,59590,62878,187
384,918,16556,65511,9,65524,0,2,700,71,59602,62879,188
344,892,16564,65512,9,65525,0,2,700,77,59606,62875,189
396,942,16526,65513,10,65524,0,2,700,83,59606,62877,190
368,966,16558,65510,9,65526,0,2,700,88,59606,62876,191
380,900,16518,65511,9,65525,0,2,700,91,59601,62870,192
420,898,16524,65510,10,65524,0,2,700,94,59598,62869,193
426,912,16642,65510,10,65525,0,2,700,90,59602,62871,194
402,906,16576,65511,10,65524,0,2,700,87,59609,62881,195
306,974,16506,65512,9,65525,0,2,700,90,59611,62895,196
364,950,16576,65511,9,65525,0,2,700,92,59618,62898,197
362,958,16578,65511,10,65525,0,2,700,92,59615,62900,198
394,888,16478,65510,8,65524,0,2,700,90,59612,62905,199
306,932,16606,65512,9,65525,0,2,700,96,59606,62899,200
384,906,16564,65510,9,65525,0,2,700,97,59610,62883,201
432,956,16576,65512,11,65524,0,2,700,90,59605,62892,202
308,880,16530,65511,9,65525,0,2,700,85,59609,62889,203
354,970,16602,65510,10,65526,0,2,700,83,59600,62882,204
354,972,16550,65511,9,65525,0,2,700,74,59602,62877,205
344,860,16490,65513,10,65525,0,2,700,78,59597,62882,206
386,866,16444,65511,9,65525,0,2,700,76,59597,62868,207
416,902,16448,65510,8,65525,0,2,700,77,59591,62864,208
388,924,16526,65511,9,65525,0,2,700,84,59592,62864,209
384,876,16498,65511,8,65525,0,2,700,87,59591,62859,210
340,922,16560,65511,8,65525,0,2,700,77,59590,62868,211
342,964,16496,65513,10,65524,0,2,700,81,59580,62880,212
390,960,16578,65510,9,65525,0,2,700,79,59575,62890,213
382,942,16522,65511,9,65525,0,2,700,82,59578,62893,214
362,900,16550,65512,8,65525,0,2,700,79,59582,62895,215
388,942,16520,65511,9,65525,0,2,700,84,59583,62889,216
360,940,16558,65511,9,65525,0,2,700,84,59595,62883,217
428,932,16544,65513,10,65525,0,2,700,89,59602,62875,218
342,924,16552,65511,10,65524,0,2,700,80,59608,62869,219
324,966,16570,65512,10,65526,0,2,700,83,59604,62864,220
386,870,16572,65511,8,65524,0,2,700,81,59603,62856,221
330,908,16488,65512,8,65525,0,2,700,77,59601,62847,222
356,936,16568,65511,9,65524,0,2,700,76,59603,62851,223
336,952,16554,65511,9,65525,0,2,700,74,59600,62848,224
348,978,16442,65510,10,65525,0,2,700,70,59602,62847,225
328,892,16566,65511,10,65526,0,2,700,71,59595,62850,226
370,940,16558,65511,8,65525,0,2,700,67,59595,62861,227
360,960,16494,65511,10,65526,0,2,700,71,59602,62855,228
342,934,16552,65510,9,65525,0,2,700,74,59602,62853,229
382,906,16584,65510,10,65526,0,2,700,74,59607,62854,230
366,938,16474,65511,9,65525,0,2,700,81,59624,62861,231
340,950,16598,65512,10,65523,0,2,700,91,59624,62860,232
426,964,16514,65513,8,65525,0,2,700,85,59625,62865,233
400,960,16548,65512,10,65525,0,2,700,86,59628,62865,234
346,966,16512,65512,9,65526,0,2,701,89,59623,62869,235
370,994,16540,65512,9,65525,0,2,701,81,59619,62859,236
342,908,16534,65512,9,65524,0,2,700,79,59613,62853,237
398,944,16524,65513,8,65524,0,2,700,88,59612,62843,238
408,936,16528,65511,10,65525,0,2,700,90,59607,62846,239
380,942,16526,65512,8,65526,0,2,701,91,59597,62847,240
370,962,16478,65512,10,65526,0,2,701,95,59593,62849,241
348,960,16512,65512,9,65525,0,2,700,93,59602,62849,242
326,892,16618,65512,9,65524,0,2,701,90,59602,62851,243
358,904,16548,65510,10,65525,0,2,701,85,59611,62850,244
290,976,16500,65512,10,65524,0,2,701,80,59630,62850,245
348,934,16518,65511,10,65524,0,2,700,76,59640,62847,246
292,972,16558,65511,10,65525,0,2,700,83,59645,62851,247
336,914,16546,65512,10,65525,0,2,700,76,59638,62851,248
390,958,16466,65509,9,65526,0,2,700,76,59633,62853,249
398,976,16610,65510,10,65524,0,2,700,76,59627,62849,250
364,982,16504,65512,10,65524,0,2,700,77,59623,62848,251
340,966,16572,65512,10,65525,0,2,700,71,59619,62847,252
326,950,16498,65511,10,65524,0,2,700,76,59626,62850,253
376,916,16462,65511,9,65525,0,2,700,83,59631,62847,254
354,964,16664,65511,10,65523,0,2,700,92,59632,62843,255
372,926,16544,65511,9,65525,0,2,700,99,59631,62842,256
384,964,16632,65511,9,65525,0,2,700,98,59638,62836,257
436,934,16518,65511,11,65526,0,2,700,102,59635,62828,258
350,968,16504,65511,9,65525,0,2,700,98,59627,62825,259
344,902,16508,65511,10,65525,0,2,701,92,59621,62821,260
376,894,16586,65513,8,65525,0,2,701,91,59622,62814,261
330,950,16528,65512,11,65525,0,2,701,89,59617,62803,262
340,942,16468,65511,8,65524,0,2,700,87,59621,62803,263
380,934,16568,65511,9,65526,0,2,701,84,59616,62797,264
346,932,16480,65511,8,65523,0,2,700,86,59621,62804,265
336,914,16574,65511,9,65524,0,2,700,83,59628,62811,266
346,938,16520,65510,10,65525,0,2,700,88,59628,62829,267
380,898,16518,65512,8,65525,0,2,700,87,59628,62841,268
360,924,16492,65511,8,65524,0,2,700,94,59638,62853,269
338,952,16532,65511,9,65525,0,2,700,96,59635,62854,270
342,962,16576,65511,8,65525,0,2,700,102,59624,62851,271
348,946,16564,65510,9,65525,0,2,700,106,59628,62837,272
382,868,16562,65512,10,65524,0,2,700,96,59631,62827,273
348,956,16478,65511,9,65526,0,2,700,97,59627,62815,274
322,966,16556,65512,10,65524,0,2,700,100,59632,62817,275
394,946,16550,65512,8,65525,0,2,700,87,59639,62823,276
374,988,16522,65511,8,65525,0,2,700,84,59637,62830,277
372,948,16566,65511,9,65525,0,2,700,94,59630,62824,278
386,916,16560,65511,9,65526,0,2,700,90,59632,62833,279
372,958,16618,65510,9,65524,0,2,700,87,59632,62822,280
364,940,16464,65511,8,65524,0,2,700,94,59630,62813,281
370,972,16522,65511,9,65525,0,2,700,95,59631,62805,282
314,908,16574,65512,10,65524,0,2,700,95,59639,62808,283
302,966,16516,65511,9,65526,0,2,700,100,59643,62808,284
344,978,16576,65512,9,65526,0,2,700,97,59640,62810,285
346,964,16528,65512,9,65525,0,2,700,93,59638,62807,286
342,942,16526,65512,9,65525,0,2,700,90,59634,62813,287
394,924,16596,65511,10,65525,0,2,701,89,59633,62812,288
362,930,16564,65511,9,65525,0,2,701,87,59632,62810,289
382,928,16488,65511,10,65525,0,2,701,90,59637,62812,290
366,994,16522,65510,8,65525,0,2,701,92,59639,62810,291
372,878,16654,65510,6,65524,0,2,701,95,59635,62806,292
416,970,16552,65510,8,65526,0,2,701,93,59633,62814,293
400,960,16550,65511,8,65525,0,2,701,92,59639,62814,294
398,914,16466,65511,9,65524,0,2,700,90,59636,62816,295
416,874,16574,65510,10,65526,0,2,700,89,59643,62820,296
396,980,16634,65511,8,65524,0,2,701,80,59649,62818,297
324,884,16560,65511,8,65526,0,2,701,77,59648,62810,298
350,928,16514,65511,10,65525,0,2,701,78,59643,62809,299
366,950,16518,65512,8,65525,0,2,701,74,59644,62814,300
356,890,16584,65513,9,65526,0,2,701,75,59643,62813,301
356,946,16472,65510,10,65525,0,2,701,79,59637,62821,302
410,946,16534,65513,6,65526,0,2,701,80,59638,62820,303
346,938,16472,65509,9,65524,0,2,701,79,59637,62820,304
316,906,16526,65512,12,65525,0,2,701,84,59631,62809,305
390,958,16610,65511,7,65526,0,2,701,78,59621,62814,306
320,892,16426,65509,10,65524,0,2,700,75,59633,62809,307
376,934,16506,65511,7,65524,0,2,700,77,59637,62810,308
362,968,16556,65512,9,65525,0,2,700,77,59636,62812,309
360,938,16558,65511,10,65525,0,2,701,75,59636,62806,310
306,930,16482,65511,10,65524,0,2,700,78,59649,62799,311
348,906,16526,65510,9,65524,0,2,700,87,59651,62798,312
334,898,16568,65512,8,65525,0,2,700,84,59643,62792,313
378,888,16602,65511,8,65524,0,2,700,73,59648,62782,314
352,924,16546,65511,10,65525,0,2,701,77,59649,62793,315
380,958,16560,65513,9,65524,0,2,700,87,59643,62804,316
344,946,16568,65512,10,65526,0,2,701,81,59638,62807,317
360,988,16598,65510,10,65526,0,2,701,88,59641,62806,318
332,942,16480,65511,9,65526,0,2,701,101,59641,62813,319
306,886,16628,65513,9,65524,0,2,701,97,59643,62805,320
330,960,16556,65512,10,65526,0,2,701,92,59650,62789,321
346,922,16520,65512,9,65525,0,2,701,88,59644,62784,322
298,952,16486,65512,9,65525,0,2,701,84,59643,62791,323
378,916,16476,65511,10,65525,0,2,701,81,59635,62799,324
340,958,16670,65511,10,65524,0,2,701,77,59633,62809,325
320,996,16608,65511,9,65525,0,2,701,74,59630,62816,326
372,940,16466,65512,8,65526,0,2,701,74,59638,62814,327
356,884,16500,65511,9,65524,0,2,701,72,59645,62806,328
338,964,16608,65510,10,65526,0,2,701,81,59653,62795,329
382,926,16594,65510,9,65525,0,2,701,89,59649,62788,330
376,978,16572,65510,8,65524,0,2,701,83,59651,62784,331
376,984,16528,65513,10,65525,0,2,701,91,59647,62787,332
340,1008,16514,65512,9,65526,0,2,701,92,59642,62788,333
406,922,16604,65510,9,65523,0,2,701,85,59638,62791,334
396,916,16530,65512,8,65526,0,2,701,80,59651,62797,335
356,914,16476,65510,9,65524,0,2,701,89,59642,62791,336
376,968,16596,65511,10,65525,0,2,701,83,59643,62789,337
334,894,16620,65512,10,65524,0,2,701,77,59642,62790,338
350,910,16598,65512,8,65525,0,2,701,75,59634,62794,339
362,970,16514,65511,7,65525,0,2,701,77,59629,62796,340
314,916,16530,65510,9,65524,0,2,701,75,59641,62804,341
342,856,16570,65512,10,65524,0,2,701,75,59637,62805,342
356,906,16516,65510,9,65524,0,2,701,82,59638,62807,343
398,914,16436,65511,7,65525,0,2,701,84,59647,62803,344
384,904,16526,65512,9,65525,0,2,701,78,59644,62805,345
378,952,16494,65511,9,65524,0,2,701,80,59632,62807,346
376,948,16544,65510,10,65524,0,2,701,86,59637,62805,347
348,872,16488,65514,9,65525,0,2,701,85,59644,62804,348
374,940,16574,65511,8,65524,0,2,701,83,59647,62803,349
348,972,16526,65511,9,65525,0,2,701,94,59645,62799,350
380,968,16488,65509,9,65525,0,2,701,90,59647,62798,351
388,916,16520,65512,10,65525,0,2,701,83,59643,62800,352
288,1000,16648,65511,9,65525,0,2,701,78,59633,62797,353
438,922,16526,65513,8,65526,0,2,701,81,59628,62799,354
380,930,16486,65511,11,65524,0,2,701,74,59635,62798,355
364,950,16484,65513,8,65524,0,2,701,79,59629,62802,356
436,894,16452,65512,9,65525,0,2,701,82,59632,62801,357
336,932,16492,65511,9,65524,0,2,701,88,59631,62802,358
352,916,16474,65510,8,65525,0,2,701,81,59641,62793,359
346,908,16484,65512,9,65526,0,2,701,66,59642,62789,360
330,1004,16632,65510,9,65524,0,2,701,62,59646,62787,361
416,928,16560,65512,10,65524,0,2,701,58,59641,62779,362
408,960,16524,65512,8,65525,0,2,701,55,59645,62786,363
316,930,16520,65511,8,65525,0,2,701,61,59631,62789,364
304,944,16518,65512,9,65525,0,2,701,79,59627,62790,365
366,904,16570,65511,9,65525,0,2,701,81,59628,62795,366
320,964,16566,65511,9,65524,0,2,701,92,59631,62807,367
414,926,16596,65511,10,65526,0,2,701,94,59635,62808,368
398,996,16580,65513,9,65526,0,2,701,91,59640,62807,369
350,894,16522,65511,8,65525,0,2,701,88,59641,62809,370
370,940,16468,65512,9,65525,0,2,701,80,59643,62794,371
394,956,16604,65511,10,65524,0,2,701,69,59641,62786,372
356,962,16574,65512,8,65526,0,2,701,72,59636,62782,373
396,946,16502,65511,8,65525,0,2,701,78,59638,62790,374
386,942,16486,65511,8,65524,0,2,701,76,59640,62789,375
454,920,16604,65512,8,65524,0,2,701,83,59639,62794,376
356,976,16600,65510,9,65525,0,2,701,81,59642,62803,377
406,878,16488,65511,8,65525,0,2,701,82,59644,62790,378
336,926,16468,65510,10,65524,0,2,701,77,59644,62779,379
354,970,16478,65512,8,65525,0,2,701,79,59645,62776,380
346,958,16508,65512,9,65526,0,2,701,87,59651,62782,381
310,944,16540,65511,9,65526,0,2,701,89,59650,62778,382
354,952,16632,65511,9,65525,0,2,701,85,59660,62786,383
368,998,16474,65512,10,65524,0,2,701,91,59666,62790,384
324,858,16642,65510,9,65524,0,2,701,94,59665,62791,385
388,968,16562,65513,10,65524,0,2,701,82,59662,62782,386
390,998,16540,65510,8,65525,0,2,701,91,59659,62785,387
336,936,16558,65511,8,65526,0,2,701,96,59659,62790,388
360,954,16574,65511,9,65524,0,2,701,94,59657,62789,389
380,942,16538,65511,8,65525,0,2,701,89,59659,62794,390
372,942,16584,65510,9,65525,0,2,701,91,59660,62794,391
378,948,16558,65511,9,65526,0,2,701,91,59654,62784,392
342,910,16584,65511,10,65525,0,2,701,94,59648,62783,393
406,938,16588,65509,9,65525,0,2,701,94,59637,62785,394
318,964,16528,65510,10,65526,0,2,701,97,59629,62779,395
428,914,16500,65512,11,65526,0,2,701,90,59622,62781,396
428,916,16562,65512,8,65523,0,2,701,79,59621,62778,397
334,954,16574,65512,8,65524,0,2,701,73,59625,62772,398
382,940,16462,65512,8,65524,0,2,701,68,59635,62773,399
352,924,16504,65512,8,65525,0,2,701,69,59639,62771,400
368,910,16504,65511,8,65525,0,2,701,80,59639,62771,401
386,926,16590,65512,10,65525,0,2,701,89,59644,62784,402
354,946,16594,65512,9,65525,0,2,701,81,59633,62791,403
332,968,16532,65511,10,65525,0,2,701,84,59629,62789,404
338,896,16526,65512,9,65524,0,2,701,88,59632,62799,405
380,902,16468,65511,9,65525,0,2,701,88,59643,62805,406
358,940,16612,65511,10,65525,0,2,701,80,59649,62800,407
386,946,16568,65510,7,65524,0,2,701,86,59640,62797,408
348,930,16614,65511,10,65525,0,2,701,90,59643,62798,409
354,936,16512,65512,10,65525,0,2,701,89,59640,62794,410
350,942,16578,65513,9,65525,0,2,701,88,59630,62795,411
330,930,16692,65512,10,65526,0,2,701,85,59625,62796,412
348,946,16502,65511,8,65524,0,2,701,92,59645,62805,413
360,888,16498,65511,10,65526,0,2,701,92,59641,62811,414
426,910,16482,65513,10,65526,0,2,701,87,59641,62815,415
350,964,16566,65512,8,65525,0,2,701,93,59643,62818,416
392,948,16462,65511,9,65525,0,2,701,103,59645,62820,417
350,902,16536,65510,8,65524,0,2,701,99,59638,62819,418
406,972,16540,65510,10,65525,0,2,701,93,59638,62817,419
320,1004,16532,65511,9,65525,0,2,701,89,59635,62815,420
356,848,16514,65512,8,65524,0,2,701,73,59634,62811,421
376,954,16492,65512,8,65526,0,2,701,70,59637,62816,422
336,934,16468,65510,8,65524,0,2,701,59,59638,62820,423
364,938,16480,65511,8,65525,0,2,701,61,59637,62822,424
380,936,16616,65511,10,65525,0,2,701,76,59648,62821,425
352,882,16502,65511,8,65525,0,2,701,79,59644,62824,426
366,890,16536,65512,9,65524,0,2,701,81,59639,62820,427
368,906,16534,65512,9,65525,0,2,701,92,59639,62811,428
396,986,16528,65512,10,65524,0,2,701,87,59646,62813,429
386,942,16506,65512,10,65526,0,2,701,80,59641,62813,430
414,964,16578,65511,10,65526,0,2,701,80,59645,62811,431
376,966,16576,65512,9,65525,0,2,701,83,59647,62813,432
314,964,16574,65512,10,65525,0,2,701,73,59646,62810,433
302,928,16538,65511,10,65525,0,2,701,79,59634,62807,434
364,928,16460,65510,9,65525,0,2,701,79,59631,62809,435
368,956,16624,65511,9,65524,0,2,701,82,59629,62805,436
346,854,16656,65513,10,65525,0,2,701,77,59623,62801,437
372,898,16504,65510,10,65525,0,2,701,89,59615,62800,438
366,916,16418,65511,8,65525,0,2,701,87,59626,62807,439
310,896,16484,65510,8,65524,0,2,701,86,59621,62807,440
352,936,16580,65512,10,65524,0,2,701,82,59620,62807,441
394,924,16534,65511,9,65524,0,2,701,83,59628,62812,442
340,890,16544,65510,8,65525,0,2,701,89,59632,62826,443
402,884,16520,65511,8,65524,0,2,701,88,59629,62818,444
386,1008,16600,65510,8,65524,0,2,701,92,59631,62820,445
328,910,16622,65510,8,65524,0,2,701,99,59634,62826,446
362,930,16594,65510,8,65526,0,2,701,101,59629,62823,447
334,932,16490,65512,9,65526,0,2,701,101,59624,62826,448
284,920,16530,65514,9,65525,0,2,701,95,59621,62828,449
350,944,16550,65512,10,65524,0,2,701,80,59617,62821,450
374,900,16552,65511,9,65524,0,2,701,81,59616,62820,451
370,948,16490,65510,10,65526,0,2,701,75,59623,62816,452
370,974,16496,65512,9,65525,0,2,701,68,59627,62813,453
396,936,16490,65511,8,65525,0,2,701,72,59629,62815,454
330,910,16548,65511,9,65523,0,2,701,85,59641,62812,455
390,924,16490,65511,10,65524,0,2,701,86,59640,62825,456
302,948,16440,65514,8,65526,0,2,701,99,59634,62824,457
328,966,16580,65511,11,65524,0,2,701,104,59632,62826,458
298,928,16492,65510,8,65526,0,2,701,103,59625,62828,459
416,916,16554,65511,8,65524,0,2,701,98,59615,62837,460
390,936,16556,65512,9,65525,0,2,701,87,59613,62837,461
340,928,16560,65512,10,65525,0,2,701,83,59602,62829,462
404,916,16530,65512,9,65524,0,2,701,77,59598,62826,463
414,974,16546,65511,9,65526,0,2,701,78,59608,62822,464
360,934,16528,65512,9,65524,0,2,701,80,59608,62823,465
368,918,16554,65512,8,65525,0,2,701,88,59609,62811,466
348,974,16566,65514,9,65525,0,2,701,78,59616,62813,467
318,938,16456,65511,8,65524,0,2,701,77,59617,62816,468
364,932,16552,65512,9,65524,0,2,701,79,59608,62817,469
394,866,16518,65513,10,65525,0,2,701,78,59605,62811,470
334,986,16544,65512,8,65524,0,2,701,89,59608,62817,471
338,904,16528,65513,8,65525,0,2,701,91,59611,62828,472
378,952,16478,65512,9,65525,0,2,701,95,59617,62826,473
364,926,16548,65511,9,65525,0,2,701,96,59616,62828,474
392,920,16608,65512,9,65524,0,2,701,101,59622,62834,475
378,922,16516,65510,7,65525,0,2,701,91,59623,62832,476
336,916,16562,65511,9,65525,0,2,701,87,59620,62836,477
318,946,16472,65510,10,65525,0,2,701,89,59609,62839,478
420,886,16608,65511,10,65524,0,2,701,91,59614,62833,479
338,954,16544,65511,8,65524,0,2,701,83,59610,62837,480
354,934,16516,65511,9,65526,0,2,701,84,59604,62842,481
348,938,16532,65511,8,65523,0,2,701,84,59607,62843,482
328,958,16478,65510,10,65525,0,2,701,82,59615,62843,483
332,890,16566,65511,8,65526,0,2,701,83,59615,62849,484
342,938,16490,65511,9,65525,0,2,701,88,59615,62847,485
326,950,16464,65510,8,65524,0,2,701,89,59622,62846,486
364,930,16442,65512,10,65525,0,2,701,94,59626,62846,487
398,946,16638,65512,10,65525,0,2,701,93,59633,62841,488
362,908,16592,65511,9,65524,0,2,701,91,59639,62840,489
286,928,16562,65511,10,65525,0,2,701,95,59645,62845,490
374,952,16598,65514,9,65525,0,2,701,91,59639,62835,491
372,958,16496,65510,9,65526,0,2,701,86,59637,62823,492
338,962,16514,65512,9,65525,0,2,701,97,59632,62828,493
358,930,16516,65512,9,65524,0,2,701,95,59621,62828,494
364,880,16514,65510,10,65525,0,2,701,86,59618,62825,495
288,916,16504,65511,9,65525,0,2,701,82,59618,62828,496
322,884,16650,65511,9,65525,0,2,701,89,59614,62833,497
344,948,16502,65512,10,65526,0,2,701,85,59612,62838,498
354,962,16516,65510,9,65526,0,2,701,84,59617,62838,499
364,966,16376,65511,9,65524,0,2,701,91,59613,62841,500
348,916,16598,65511,10,65525,0,2,701,95,59617,62845,501
422,960,16562,65513,9,65525,0,2,701,88,59606,62852,502
398,942,16530,65511,8,65524,0,2,701,82,59603,62845,503
362,906,16404,65512,9,65525,0,2,701,82,59601,62845,504
354,968,16578,65511,9,65525,0,2,701,78,59603,62839,505
360,942,16566,65513,8,65524,0,2,701,77,59598,62840,506
350,964,16512,65512,9,65527,0,2,701,79,59610,62832,507
284,972,16422,65512,7,65524,0,2,701,84,59609,62837,508
390,974,16538,65512,8,65525,0,2,701,85,59614,62837,509
354,928,16642,65512,10,65525,0,2,701,92,59610,62842,510
384,958,16504,65510,10,65524,0,2,701,90,59613,62846,511
400,962,16500,65512,8,65525,0,2,701,93,59613,62860,512
372,924,16450,65512,11,65523,0,2,701,84,59610,62856,513
322,880,16526,65510,9,65525,0,2,701,81,59599,62868,514
384,956,16540,65510,9,65523,0,2,701,73,59605,62874,515
396,960,16612,65512,10,65525,0,2,701,73,59602,62875,516
338,926,16520,65510,10,65524,0,2,701,77,59596,62871,517
352,916,16446,65511,10,65524,0,2,701,88,59605,62886,518
364,952,16484,65511,9,65525,0,2,701,83,59613,62879,519
400,902,16596,65511,9,65525,0,2,701,81,59612,62877,520
380,1000,16456,65510,9,65526,0,2,701,83,59611,62875,521
378,978,16544,65511,9,65526,0,2,701,73,59611,62880,522
352,966,16602,65510,10,65525,0,2,701,70,59599,62871,523
300,902,16662,65509,10,65526,0,2,701,74,59592,62870,524
408,920,16480,65512,10,65524,0,2,701,76,59585,62870,525
342,934,16514,65512,10,65525,0,2,701,78,59583,62878,526
294,972,16452,65510,10,65526,0,2,701,79,59585,62880,527
314,1016,16614,65512,10,65525,0,2,701,75,59585,62883,528
386,976,16478,65511,9,65525,0,2,701,69,59581,62880,529
382,898,16584,65511,9,65525,0,2,701,68,59582,62885,530
348,942,16706,65513,9,65526,0,2,701,69,59580,62883,531
336,950,16656,65512,10,65525,0,2,701,74,59574,62880,532
394,944,16568,65509,9,65525,0,2,701,83,59577,62887,533
328,916,16390,65512,10,65525,0,2,701,99,59585,62899,534
384,932,16586,65513,10,65524,0,2,701,102,59584,62906,535
380,936,16538,65511,10,65525,0,2,701,98,59585,62905,536
322,982,16540,65512,10,65524,0,2,701,95,59586,62909,537
384,942,16430,65510,8,65525,0,2,701,85,59589,62909,538
418,964,16604,65512,10,65525,0,2,701,78,59583,62916,539
392,910,16630,65512,8,65524,0,2,701,87,59586,62911,540
366,890,16616,65511,9,65526,0,2,701,94,59579,62914,541
380,922,16500,65511,8,65526,0,2,701,95,59578,62917,542
350,932,16564,65512,9,65525,0,2,701,93,59582,62911,543
430,866,16596,65511,10,65525,0,2,701,90,59583,62909,544
332,952,16528,65511,9,65527,0,2,701,85,59582,62910,545
316,908,16460,65512,8,65524,0,2,701,77,59594,62905,546
338,930,16568,65512,9,65525,0,2,701,80,59594,62901,547
398,910,16588,65510,10,65525,0,2,701,87,59584,62905,548
294,904,16504,65512,8,65524,0,2,701,88,59583,62902,549
380,916,16556,65510,9,65526,0,2,701,82,59579,62904,550
332,946,16542,65512,9,65524,0,2,701,83,59576,62910,551
346,948,16688,65511,10,65524,0,2,701,83,59577,62907,552
374,934,16496,65511,9,65525,0,2,701,78,59575,62906,553
374,964,16566,65512,10,65525,0,2,701,79,59572,62906,554
364,1002,16454,65511,8,65525,0,2,701,81,59576,62902,555
360,876,16542,65512,9,65525,0,2,701,82,59574,62899,556
350,952,16502,65513,8,65524,0,2,701,82,59575,62905,557
372,956,16480,65512,10,65524,0,2,701,80,59578,62909,558
334,986,16522,65513,9,65525,0,2,701,85,59575,62898,559
348,940,16524,65512,7,65525,0,2,701,85,59569,62898,560
340,886,16582,65510,11,65526,0,2,701,82,59566,62898,561
330,926,16482,65510,11,65526,0,2,701,79,59560,62897,562
332,904,16440,65512,8,65525,0,2,701,82,59561,62891,563
420,940,16494,65512,9,65525,0,2,701,91,59566,62903,564
292,934,16564,65510,10,65525,0,2,701,85,59565,62901,565
390,916,16586,65511,8,65525,0,2,701,87,59563,62901,566
394,948,16424,65512,7,65524,0,2,701,89,59562,62909,567
370,896,16600,65513,9,65525,0,2,701,87,59563,62916,568
366,926,16580,65514,9,65526,0,2,701,81,59565,62914,569
404,984,16552,65512,9,65525,0,2,701,89,59571,62918,570
352,962,16466,65509,10,65527,0,2,701,85,59563,62921,571
360,932,16514,65512,10,65526,0,2,701,83,59564,62917,572
400,926,16580,65511,9,65525,0,2,701,85,59561,62909,573
386,954,16544,65511,10,65525,0,2,701,77,59556,62898,574
358,888,16400,65510,11,65526,0,2,701,85,59562,62901,575
358,948,16548,65511,10,65523,0,2,701,96,59572,62904,576
410,942,16460,65511,9,65524,0,2,701,101,59581,62902,577
358,996,16522,65511,11,65525,0,2,701,102,59577,62908,578
418,972,16454,65511,10,65524,0,2,701,108,59578,62925,579
380,940,16550,65512,9,65525,0,2,701,96,59569,62922,580
314,920,16530,65511,8,65524,0,2,701,98,59573,62930,581
384,908,16638,65511,9,65526,0,2,701,96,59566,62926,582
324,940,16630,65512,8,65525,0,2,701,93,59568,62926,583
366,934,16548,65511,8,65526,0,2,701,86,59568,62925,584
398,952,16610,65510,8,65525,0,2,701,94,59570,62934,585
368,924,16606,65512,8,65525,0,2,701,89,59568,62927,586
372,924,16566,65511,9,65524,0,2,701,82,59571,62935,587
374,992,16470,65510,9,65526,0,2,701,92,59573,62932,588
296,936,16620,65513,9,65524,0,2,701,98,59574,62938,589
416,968,16506,65511,9,65525,0,2,701,88,59571,62934,590
380,944,16558,65511,11,65525,0,2,701,85,59572,62931,591
378,942,16530,65513,10,65525,0,2,701,93,59567,62928,592
296,924,16568,65513,7,65524,0,2,701,93,59571,62938,593
370,942,16604,65511,9,65526,0,2,701,94,59570,62927,594
352,908,16572,65511,9,65525,0,2,701,93,59567,62919,595
356,904,16516,65510,8,65525,0,2,701,98,59560,62919,596
376,924,16572,65511,9,65525,0,2,701,95,59564,62921,597
382,912,16574,65511,10,65524,0,2,701,91,59563,62911,598
392,892,16560,65511,9,65526,0,2,701,90,59569,62916,599
334,950,16550,65510,9,65526,0,2,701,103,59579,62916,600
382,920,16500,65512,9,65525,0,2,701,99,59584,62921,601
420,906,16586,65512,8,65525,0,2,701,104,59579,62914,602
322,958,16460,65511,10,65525,0,2,701,101,59581,62922,603
394,904,16466,65511,9,65524,0,2,701,95,59578,62916,604
436,828,16588,65512,9,65526,0,2,701,88,59571,62918,605
348,900,16534,65510,9,65525,0,2,701,88,59570,62916,606
328,936,16480,65512,8,65525,0,2,701,89,59577,62917,607
386,974,16502,65512,9,65524,0,2,701,95,59573,62910,608
382,914,16592,65511,8,65524,0,2,701,95,59569,62915,609
372,940,16472,65512,10,65526,0,2,701,94,59573,62913,610
356,942,16484,65510,10,65525,0,2,701,95,59575,62916,611
346,958,16566,65512,8,65526,0,2,701,86,59568,62916,612
374,868,16534,65511,11,65525,0,2,701,82,59566,62915,613
374,966,16534,65512,9,65525,0,2,701,89,59565,62918,614
364,934,16532,65510,11,65526,0,2,701,89,59562,62915,615
386,948,16596,65511,9,65525,0,2,701,88,59560,62915,616
298,898,16592,65510,10,65524,0,2,701,93,59555,62916,617
360,946,16590,65511,8,65526,0,2,701,93,59564,62916,618
344,980,16568,65510,10,65525,0,2,701,90,59569,62901,619
366,914,16442,65512,9,65525,0,2,701,94,59573,62897,620
408,974,16590,65510,9,65526,0,2,701,100,59578,62887,621
368,982,16500,65511,10,65526,0,2,701,96,59587,62890,622
398,966,16532,65513,10,65527,0,2,701,94,59589,62883,623
282,950,16586,65513,8,65525,0,2,701,95,59588,62886,624
326,898,16544,65511,9,65526,0,2,701,96,59587,62896,625
356,932,16530,65512,9,65525,0,2,701,93,59592,62908,626
382,936,16416,65510,8,65525,0,2,701,100,59589,62898,627
322,970,16456,65512,10,65525,0,2,701,97,59584,62908,628
392,878,16574,65511,8,65525,0,2,701,94,59587,62915,629
300,910,16454,65511,9,65526,0,2,701,94,59589,62913,630
416,924,16674,65511,9,65525,0,2,701,93,59575,62913,631
344,930,16468,65514,10,65526,0,2,701,87,59584,62923,632
338,918,16536,65511,9,65525,0,2,701,94,59587,62922,633
342,938,16572,65511,10,65526,0,2,701,94,59588,62927,634
378,952,16514,65512,9,65525,0,2,701,89,59593,62928,635
400,934,16502,65509,9,65524,0,2,701,83,59607,62926,636
388,920,16526,65512,10,65525,0,2,701,83,59604,62921,637
320,908,16512,65512,9,65524,0,2,701,70,59605,62920,638
424,940,16554,65511,9,65525,0,2,701,65,59599,62915,639
436,922,16500,65512,9,65525,0,2,701,67,59603,62918,640
348,956,16536,65512,10,65524,0,2,701,72,59598,62915,641
418,904,16530,65511,10,65525,0,2,701,79,59594,62920,642
390,950,16492,65511,10,65525,0,2,701,86,59594,62918,643
384,930,16580,65511,8,65525,0,2,701,92,59595,62913,644
404,950,16594,65512,9,65525,0,2,701,88,59589,62904,645
358,918,16548,65511,9,65524,0,2,701,86,59588,62897,646
332,930,16480,65511,9,65524,0,2,701,78,59591,62889,647
342,944,16588,65512,10,65524,0,2,701,67,59589,62890,648
338,998,16560,65510,10,65526,0,2,701,67,59594,62901,649
310,950,16524,65513,10,65524,0,2,701,74,59594,62912,650
342,918,16546,65512,9,65525,0,2,701,76,59590,62915,651
392,956,16474,65510,8,65524,0,2,701,81,59587,62913,652
320,956,16568,65511,8,65526,0,2,701,93,59583,62907,653
414,910,16548,65512,9,65525,0,2,701,92,59575,62907,654
390,900,16468,65510,9,65524,0,2,701,92,59571,62899,655
284,964,16506,65512,9,65525,0,2,701,91,59575,62897,656
374,892,16482,65510,10,65525,0,2,701,85,59583,62904,657
348,954,16486,65511,9,65524,0,2,701,80,59584,62907,658
360,948,16498,65511,9,65524,0,2,701,82,59585,62894,659
392,920,16570,65509,8,65525,0,2,701,75,59579,62895,660
350,938,16560,65512,9,65524,0,2,701,71,59574,62897,661
376,900,16556,65510,9,65525,0,2,701,78,59570,62889,662
338,908,16512,65510,9,65525,0,2,701,88,59567,62895,663
348,912,16452,65511,10,65525,0,2,701,91,59568,62907,664
398,942,16512,65511,10,65524,0,2,701,104,59573,62904,665
404,940,16570,65513,9,65524,0,2,701,113,59580,62900,666
402,924,16536,65511,10,65525,0,2,701,115,59578,62902,667
372,934,16354,65511,9,65525,0,2,701,114,59590,62893,668
412,960,16560,65511,9,65525,0,2,701,109,59591,62885,669
346,904,16508,65511,10,65524,0,2,701,105,59599,62883,670
342,928,16520,65511,10,65524,0,2,701,100,59600,62890,671
326,964,16572,65512,8,65525,0,2,701,99,59605,62886,672
332,932,16576,65512,10,65525,0,2,701,99,59603,62895,673
368,902,16616,65512,9,65526,0,2,701,104,59597,62898,674
364,938,16490,65512,10,65526,0,2,701,101,59585,62905,675
332,926,16516,65512,10,65525,0,2,701,96,59585,62906,676
374,950,16506,65513,8,65525,0,2,701,89,59584,62912,677
398,974,16476,65512,9,65525,0,2,701,82,59581,62910,678
300,932,16514,65513,10,65526,0,2,701,73,59585,62911,679
388,928,16538,65511,9,65525,0,2,701,71,59589,62899,680
338,946,16492,65512,9,65524,0,2,701,72,59581,62898,681
436,928,16580,65512,9,65525,0,2,701,76,59574,62897,682
376,920,16576,65512,10,65525,0,2,701,73,59574,62896,683
396,944,16506,65512,9,65525,0,2,701,71,59582,62889,684
384,930,16520,65513,9,65525,0,2,701,69,59584,62899,685
346,950,16578,65512,9,65524,0,2,701,65,59587,62904,686
376,948,16584,65512,9,65525,0,2,701,59,59591,62904,687
346,944,16498,65511,8,65525,0,2,701,68,59585,62908,688
412,922,16540,65511,8,65526,0,2,701,75,59574,62908,689
364,992,16608,65511,9,65525,0,2,701,76,59572,62900,690
320,920,16524,65512,10,65524,0,2,701,80,59566,62893,691
370,952,16446,65511,10,65525,0,2,701,86,59562,62894,692
338,938,16558,65513,8,65525,0,2,701,84,59558,62888,693
332,940,16508,65512,9,65525,0,2,701,85,59562,62895,694
332,916,16494,65510,8,65524,0,2,701,86,59563,62906,695
360,944,16570,65509,8,65525,0,2,701,89,59575,62906,696
368,916,16444,65513,10,65524,0,2,701,90,59581,62902,697
380,920,16628,65511,9,65524,0,2,701,91,59589,62908,698
336,1008,16534,65511,10,65524,0,2,701,90,59595,62909,699
364,930,16532,65511,9,65527,0,2,701,91,59596,62902,700
356,978,16536,65512,8,65525,0,2,701,95,59593,62905,701
360,954,16522,65510,8,65525,0,2,701,87,59587,62915,702
378,928,16508,65510,9,65525,0,2,701,86,59578,62905,703
364,950,16444,65510,9,65525,0,2,701,94,59579,62905,704
370,902,16592,65513,9,65524,0,2,701,95,59579,62904,705
356,916,16496,65511,9,65525,0,2,701,96,59581,62905,706
322,914,16462,65511,8,65525,0,2,701,102,59579,62910,707
354,944,16546,65511,10,65525,0,2,701,103,59584,62923,708
372,942,16552,65512,10,65526,0,2,701,97,59573,62927,709
356,982,16484,65512,9,65525,0,2,701,96,59568,62925,710
358,922,16482,65511,10,65524,0,2,701,92,59566,62918,711
380,922,16372,65510,9,65524,0,2,701,89,59570,62896,712
348,964,16574,65512,9,65525,0,2,701,91,59572,62894,713
368,970,16608,65512,10,65523,0,2,701,92,59574,62885,714
348,914,16468,65511,10,65526,0,2,701,92,59574,62890,715
316,996,16426,65511,10,65525,0,2,701,89,59571,62896,716
330,940,16526,65512,10,65525,0,2,701,97,59560,62903,717
336,926,16538,65510,9,65525,0,2,701,88,59555,62901,718
364,900,16494,65511,8,65524,0,2,701,86,59555,62902,719
354,966,16478,65513,10,65525,0,2,701,76,59555,62905,720
370,944,16544,65512,9,65526,0,2,701,85,59556,62903,721
432,958,16544,65511,10,65526,0,2,701,82,59571,62905,722
358,944,16514,65511,7,65525,0,2,701,84,59575,62906,723
366,950,16538,65513,10,65526,0,2,701,85,59576,62916,724
370,926,16430,65512,9,65524,0,2,701,89,59578,62910,725
384,950,16548,65511,9,65525,0,2,701,88,59581,62914,726
380,982,16462,65511,10,65523,0,2,701,84,59574,62910,727
350,908,16642,65511,9,65525,0,2,701,90,59574,62905,728
362,986,16470,65511,10,65524,0,2,701,96,59568,62893,729
356,932,16540,65513,8,65525,0,2,701,98,59573,62902,730
364,940,16564,65511,8,65526,0,2,701,95,59565,62901,731
446,900,16552,65510,9,65524,0,2,701,105,59562,62905,732
334,942,16512,65512,8,65524,0,2,701,107,59559,62906,733
346,952,16564,65512,11,65526,0,2,701,97,59562,62916,734
330,952,16680,65513,10,65525,0,2,701,107,59562,62914,735
374,956,16530,65510,10,65526,0,2,701,105,59568,62910,736
414,916,16482,65511,9,65524,0,2,701,92,59569,62906,737
348,946,16598,65512,10,65525,0,2,701,87,59571,62903,738
368,924,16582,65513,8,65525,0,2,701,87,59576,62896,739
360,938,16462,65510,9,65525,0,2,701,72,59581,62888,740
310,884,16562,65511,9,65525,0,2,701,74,59586,62886,741
330,894,16464,65511,9,65525,0,2,701,80,59583,62893,742
406,956,16592,65511,9,65525,0,2,701,87,59577,62900,743
382,906,16494,65510,10,65526,0,2,701,88,59576,62907,744
386,920,16500,65511,8,65525,0,2,701,93,59563,62910,745
374,926,16600,65512,10,65525,0,2,701,81,59560,62917,746
358,922,16554,65511,9,65525,0,2,701,78,59563,62914,747
372,968,16520,65510,9,65525,0,2,701,73,59574,62917,748
340,904,16440,65513,10,65526,0,2,701,75,59569,62914,749
406,956,16396,65512,10,65526,0,2,701,77,59572,62916,750
354,986,16520,65510,9,65524,0,2,701,87,59568,62915,751
336,920,16582,65511,8,65525,0,2,701,86,59572,62912,752
378,900,16448,65511,9,65525,0,2,701,92,59577,62910,753
386,944,16558,65512,9,65524,0,2,701,92,59583,62907,754
364,932,16634,65512,9,65524,0,2,701,101,59592,62908,755
282,910,16474,65512,9,65525,0,2,701,109,59594,62912,756
368,958,16554,65512,9,65525,0,2,701,111,59590,62910,757
394,958,16532,65510,9,65525,0,2,701,104,59580,62899,758
312,942,16558,65511,10,65526,0,2,701,101,59580,62892,759
376,918,16488,65513,10,65526,0,2,701,86,59570,62888,760
412,900,16604,65510,9,65525,0,2,701,81,59564,62884,761
362,938,16532,65513,9,65525,0,2,701,82,59563,62884,762
434,936,16572,65511,9,65525,0,2,701,82,59559,62896,763
320,940,16454,65511,10,65524,0,2,701,89,59553,62897,764
358,906,16438,65513,9,65524,0,2,701,98,59552,62892,765
322,924,16484,65511,8,65525,0,2,701,100,59560,62893,766
376,852,16528,65511,9,65525,0,2,701,101,59566,62889,767
392,924,16580,65510,9,65525,0,2,701,104,59576,62879,768
336,930,16446,65510,8,65525,0,2,701,101,59582,62884,769
358,880,16440,65512,10,65524,0,2,701,97,59590,62889,770
372,978,16552,65511,9,65524,0,2,701,94,59585,62880,771
384,976,16646,65512,10,65525,0,2,701,97,59577,62880,772
376,910,16436,65510,9,65524,0,2,701,94,59570,62883,773
372,914,16544,65510,9,65524,0,2,701,90,59564,62878,774
370,936,16524,65513,8,65525,0,2,701,93,59559,62880,775
378,924,16562,65509,8,65525,0,2,701,82,59553,62886,776
358,956,16480,65512,10,65524,0,2,701,79,59555,62900,777
334,930,16536,65512,10,65525,0,2,701,84,59561,62900,778
300,982,16540,65513,9,65526,0,2,701,91,59565,62906,779
352,928,16592,65512,9,65525,0,2,701,89,59567,62908,780
340,972,16450,65510,9,65525,0,2,701,97,59574,62910,781
366,912,16562,65511,10,65524,0,2,701,97,59579,62901,782
360,944,16612,65512,9,65525,0,2,701,92,59578,62902,783
370,898,16436,65511,9,65525,0,2,701,91,59574,62904,784
342,934,16552,65513,9,65526,0,2,701,91,59568,62902,785
362,964,16616,65512,9,65524,0,2,701,85,59568,62909,786
334,896,16468,65512,11,65525,0,2,701,87,59564,62910,787
324,870,16520,65511,7,65525,0,2,701,90,59563,62909,788
328,920,16492,65511,9,65525,0,2,701,83,59562,62909,789
384,960,16606,65512,9,65526,0,2,701,87,59573,62909,790
374,958,16444,65511,9,65524,0,2,701,94,59575,62901,791
322,936,16514,65511,8,65525,0,2,701,98,59576,62908,792
340,974,16548,65512,9,65524,0,2,701,90,59578,62908,793
346,942,16648,65512,9,65526,0,2,701,91,59578,62906,794
354,952,16562,65512,9,65525,0,2,701,92,59569,62913,795
374,938,16530,65511,10,65525,0,2,701,90,59566,62918,796
318,928,16496,65511,9,65525,0,2,701,87,59574,62921,797
314,928,16594,65511,10,65526,0,2,701,93,59582,62921,798
408,948,16552,65512,10,65525,0,2,701,97,59588,62923,799
348,932,16474,65511,8,65525,0,2,701,90,59591,62920,800
320,946,16398,65512,10,65524,0,2,701,96,59591,62913,801
360,998,16608,65510,9,65525,0,2,701,99,59585,62908,802
368,978,16594,65511,9,65525,0,2,701,101,59586,62902,803
294,890,16574,65510,8,65525,0,2,701,105,59581,62899,804
374,934,16510,65510,10,65525,0,2,701,108,59574,62896,805
342,922,16514,65513,8,65525,0,2,701,103,59571,62893,806
386,898,16554,65511,10,65524,0,2,701,99,59566,62898,807
388,924,16462,65511,9,65524,0,2,701,97,59564,62915,808
312,918,16498,65509,9,65525,0,2,701,83,59567,62919,809
342,954,16612,65512,10,65525,0,2,701,83,59575,62919,810
404,962,16520,65509,10,65525,0,2,701,77,59579,62921,811
380,916,16402,65510,10,65526,0,2,701,72,59582,62921,812
396,904,16518,65512,9,65524,0,2,701,73,59583,62913,813
352,958,16580,65512,9,65525,0,2,701,88,59583,62907,814
296,960,16518,65512,10,65525,0,2,701,89,59578,62907,815
306,968,16560,65511,8,65524,0,2,701,86,59572,62906,816
312,950,16504,65511,8,65525,0,2,701,87,59575,62906,817
354,996,16524,65511,9,65525,0,2,701,83,59580,62910,818
326,920,16558,65511,9,65525,0,2,701,65,59578,62916,819
326,918,16588,65510,9,65526,0,2,701,72,59588,62917,820
316,916,16558,65511,10,65524,0,2,701,73,59589,62921,821
352,964,16518,65510,10,65526,0,2,701,76,59582,62909,822
370,984,16608,65512,9,65525,0,2,701,82,59583,62906,823
356,968,16538,65511,8,65525,0,2,701,88,59585,62908,824
296,946,16534,65511,10,65526,0,2,701,85,59578,62904,825
334,904,16506,65511,10,65524,0,2,701,88,59582,62904,826
366,908,16514,65511,9,65524,0,2,701,84,59579,62915,827
314,976,16474,65513,9,65526,0,2,701,77,59586,62923,828
352,936,16578,65513,10,65525,0,2,701,74,59582,62912,829
366,956,16474,65510,9,65526,0,2,701,69,59584,62910,830
360,942,16494,65509,9,65525,0,2,701,75,59590,62913,831
354,956,16500,65511,10,65525,0,2,701,78,59596,62901,832
312,948,16520,65513,9,65525,0,2,701,87,59599,62902,833
364,972,16498,65511,8,65525,0,2,701,88,59601,62908,834
414,894,16504,65512,10,65524,0,2,701,96,59604,62916,835
322,950,16504,65510,8,65525,0,2,701,84,59597,62917,836
318,924,16554,65512,8,65525,0,2,701,89,59588,62920,837
376,944,16546,65513,10,65525,0,2,701,90,59582,62913,838
368,920,16670,65510,8,65525,0,2,701,94,59582,62908,839
382,876,16502,65510,10,65525,0,2,701,93,59578,62903,840
410,910,16570,65511,10,65525,0,2,701,93,59575,62900,841
382,950,16640,65510,10,65526,0,2,701,94,59576,62901,842
390,914,16562,65512,9,65525,0,2,701,86,59567,62903,843
346,906,16496,65511,10,65524,0,2,701,85,59564,62904,844
404,966,16542,65511,9,65525,0,2,701,81,59560,62899,845
380,858,16508,65512,8,65526,0,2,701,86,59560,62899,846
356,982,16472,65511,9,65525,0,2,701,84,59569,62901,847
382,922,16572,65512,9,65524,0,2,701,89,59579,62897,848
306,918,16456,65511,10,65524,0,2,701,83,59579,62898,849
400,952,16480,65511,9,65525,0,2,701,80,59582,62896,850
318,888,16482,65512,9,65525,0,2,701,81,59583,62892,851
310,956,16644,65511,9,65524,0,2,701,78,59577,62896,852
376,900,16556,65512,9,65524,0,2,701,77,59568,62910,853
420,924,16472,65511,10,65524,0,2,701,80,59570,62907,854
358,1016,16628,65510,8,65525,0,2,701,86,59567,62906,855
344,932,16626,65511,9,65525,0,2,701,86,59571,62912,856
416,950,16508,65511,8,65525,0,2,701,90,59573,62903,857
380,894,16494,65511,9,65524,0,2,701,89,59573,62898,858
326,862,16588,65512,10,65525,0,2,701,87,59573,62897,859
414,930,16424,65512,8,65525,0,2,701,82,59573,62902,860
324,1000,16538,65511,10,65525,0,2,701,78,59565,62897,861
340,964,16598,65511,10,65525,0,2,701,79,59566,62897,862
386,1016,16502,65510,9,65524,0,2,701,84,59568,62896,863
328,972,16594,65511,10,65524,0,2,701,85,59573,62904,864
394,934,16498,65511,8,65526,0,2,701,89,59578,62901,865
352,900,16674,65512,9,65525,0,2,701,96,59587,62903,866
332,972,16540,65513,10,65526,0,2,701,94,59590,62908,867
370,918,16496,65510,10,65525,0,2,701,87,59587,62902,868
336,972,16490,65510,9,65525,0,2,701,94,59587,62895,869
354,1018,16554,65512,9,65526,0,2,701,93,59584,62897,870
312,932,16456,65511,9,65526,0,2,701,87,59577,62898,871
382,972,16618,65511,8,65524,0,2,701,84,59571,62895,872
350,910,16578,65511,8,65525,0,2,701,93,59576,62914,873
306,936,16552,65511,9,65525,0,2,701,83,59569,62920,874
378,978,16518,65511,8,65524,0,2,701,86,59572,62914,875
398,934,16500,65511,8,65525,0,2,701,82,59573,62910,876
352,964,16484,65511,10,65524,0,2,701,83,59566,62910,877
366,932,16536,65512,9,65525,0,2,701,79,59564,62893,878
408,932,16546,65511,9,65525,0,2,701,83,59572,62895,879
412,920,16556,65511,9,65524,0,2,701,82,59570,62904,880
306,920,16602,65512,10,65525,0,2,701,84,59575,62907,881
370,926,16558,65512,9,65525,0,2,701,86,59582,62911,882
364,964,16558,65511,8,65524,0,2,701,87,59583,62910,883
296,944,16546,65512,9,65525,0,2,701,88,59573,62906,884
358,936,16552,65510,9,65525,0,2,701,92,59575,62901,885
404,934,16602,65512,9,65526,0,2,701,97,59567,62897,886
302,978,16542,65511,9,65525,0,2,701,94,59558,62889,887
334,934,16554,65511,9,65525,0,2,701,87,59549,62884,888
370,944,16542,65512,9,65524,0,2,701,82,59562,62882,889
400,958,16556,65511,8,65526,0,2,701,85,59559,62880,890
398,878,16534,65511,10,65525,0,2,701,84,59556,62887,891
360,944,16542,65511,9,65524,0,2,701,84,59559,62896,892
390,966,16590,65511,9,65525,0,2,701,85,59567,62904,893
312,956,16530,65510,9,65524,0,2,701,88,59559,62914,894
382,884,16398,65510,8,65524,0,2,701,81,59562,62914,895
330,936,16612,65512,7,65525,0,2,701,76,59571,62919,896
364,942,16486,65510,9,65524,0,2,701,73,59576,62919,897
326,868,16548,65509,9,65525,0,2,701,79,59570,62927,898
314,978,16430,65512,9,65525,0,2,701,86,59565,62912,899
368,960,16594,65512,8,65525,0,2,701,87,59561,62916,900
362,908,16504,65512,11,65525,0,2,701,86,59556,62910,901
422,902,16568,65511,10,65526,0,2,701,91,59558,62902,902
286,936,16466,65511,10,65524,0,2,701,92,59568,62894,903
372,936,16628,65512,9,65525,0,2,701,82,59573,62895,904
356,940,16544,65511,8,65525,0,2,701,83,59574,62895,905
322,894,16556,65510,9,65525,0,2,701,95,59579,62890,906
330,916,16516,65512,9,65525,0,2,701,94,59576,62891,907
308,974,16540,65511,8,65525,0,2,701,88,59569,62888,908
352,968,16494,65509,10,65524,0,2,701,97,59573,62882,909
292,956,16546,65510,10,65526,0,2,701,110,59575,62880,910
404,956,16534,65512,9,65524,0,2,701,104,59572,62888,911
358,918,16576,65513,9,65525,0,2,701,110,59570,62891,912
352,934,16544,65512,8,65526,0,2,701,118,59574,62897,913
312,944,16408,65510,8,65525,0,2,701,116,59577,62917,914
346,980,16636,65513,10,65525,0,2,701,101,59581,62927,915
328,968,16606,65510,11,65525,0,2,701,102,59585,62925,916
306,926,16526,65510,9,65524,0,2,701,96,59582,62936,917
374,970,16502,65511,9,65525,0,2,701,91,59579,62935,918
378,954,16582,65512,9,65526,0,2,701,83,59565,62930,919
278,988,16448,65511,9,65524,0,2,701,76,59558,62930,920
396,916,16616,65510,9,65526,0,2,701,77,59558,62931,921
336,926,16438,65512,9,65525,0,2,701,77,59559,62923,922
386,996,16536,65511,10,65525,0,2,701,78,59563,62927,923
340,926,16536,65511,10,65525,0,2,701,86,59569,62920,924
352,926,16536,65512,8,65525,0,2,701,78,59571,62912,925
314,952,16510,65509,9,65526,0,2,701,80,59579,62909,926
308,978,16604,65511,9,65526,0,2,701,80,59586,62909,927
342,928,16572,65512,10,65525,0,2,701,76,59584,62904,928
384,910,16526,65510,10,65526,0,2,701,73,59580,62908,929
360,980,16516,65509,8,65525,0,2,701,86,59585,62906,930
374,894,16494,65512,9,65525,0,2,701,82,59572,62906,931
382,902,16518,65511,10,65525,0,2,701,80,59563,62906,932
364,922,16468,65511,8,65526,0,2,701,75,59564,62901,933
318,946,16574,65512,9,65525,0,2,701,76,59573,62906,934
356,946,16502,65511,8,65525,0,2,701,79,59572,62920,935
288,920,16570,65510,8,65525,0,2,701,88,59573,62925,936
402,960,16454,65510,10,65526,0,2,701,87,59579,62917,937
320,906,16520,65512,9,65525,0,2,701,93,59580,62918,938
370,936,16500,65512,9,65525,0,2,701,100,59576,62923,939
422,936,16550,65511,8,65526,0,2,701,98,59569,62919,940
344,934,16550,65510,9,65524,0,2,701,91,59564,62913,941
380,950,16506,65510,9,65527,0,2,701,95,59560,62926,942
344,988,16470,65511,8,65524,0,2,701,91,59560,62925,943
382,910,16582,65512,9,65525,0,2,701,86,59563,62913,944
400,974,16484,65510,10,65525,0,2,701,83,59572,62909,945
334,948,16440,65513,11,65525,0,2,701,87,59574,62909,946
386,980,16538,65511,11,65525,0,2,701,86,59574,62910,947
360,948,16608,65511,10,65524,0,2,701,96,59577,62913,948
324,944,16520,65510,9,65524,0,2,701,101,59583,62913,949
258,872,16456,65512,9,65525,0,2,701,103,59586,62916,950
398,892,16586,65511,9,65525,0,2,701,105,59589,62919,951
318,1016,16648,65512,10,65525,0,2,701,119,59592,62923,952
400,1004,16542,65511,8,65525,0,2,701,111,59590,62932,953
302,958,16490,65510,9,65526,0,2,701,110,59586,62931,954
388,924,16500,65511,9,65525,0,2,701,108,59576,62930,955
356,902,16598,65511,9,65525,0,2,701,99,59581,62929,956
378,932,16662,65512,9,65525,0,2,701,86,59582,62921,957
354,932,16524,65511,9,65524,0,2,701,93,59583,62919,958
314,938,16310,65511,9,65524,0,2,701,92,59580,62920,959
390,976,16536,65512,8,65525,0,2,701,87,59586,62916,960
356,920,16656,65512,9,65525,0,2,701,86,59577,62913,961
358,944,16488,65512,8,65525,0,2,701,87,59573,62915,962
338,926,16464,65512,8,65525,0,2,701,84,59568,62912,963
338,932,16536,65513,9,65525,0,2,701,83,59572,62905,964
366,902,16594,65512,10,65526,0,2,701,89,59574,62899,965
304,940,16504,65511,9,65524,0,2,701,96,59577,62892,966
374,976,16542,65512,10,65525,0,2,701,93,59578,62890,967
348,972,16524,65511,8,65525,0,2,701,91,59585,62893,968
410,962,16570,65512,9,65524,0,2,701,90,59586,62900,969
424,946,16596,65512,9,65526,0,2,701,93,59580,62911,970
330,876,16490,65510,10,65525,0,2,701,93,59573,62923,971
462,882,16514,65511,9,65525,0,2,701,98,59574,62925,972
362,926,16522,65513,8,65524,0,2,701,88,59563,62922,973
358,960,16508,65511,9,65525,0,2,701,83,59567,62920,974
324,874,16532,65510,7,65525,0,2,701,80,59574,62917,975
354,938,16592,65512,9,65525,0,2,701,81,59580,62909,976
348,964,16576,65510,10,65526,0,2,701,76,59579,62905,977
362,952,16500,65512,10,65525,0,2,701,84,59579,62895,978
396,968,16504,65509,9,65524,0,2,701,94,59573,62899,979
366,918,16524,65511,9,65526,0,2,701,100,59568,62897,980
394,936,16660,65511,10,65524,0,2,701,100,59563,62907,981
372,982,16532,65511,9,65526,0,2,701,107,59562,62912,982
408,954,16446,65510,10,65525,0,2,701,109,59561,62929,983
372,942,16482,65512,11,65525,0,2,701,104,59565,62929,984
432,924,16516,65512,9,65524,0,2,701,106,59575,62930,985
330,948,16564,65510,10,65525,0,2,701,104,59579,62923,986
310,892,16530,65511,11,65525,0,2,701,99,59587,62917,987
348,1000,16538,65512,9,65524,0,2,701,103,59597,62909,988
378,874,16576,65513,9,65525,0,2,701,98,59586,62913,989
392,946,16466,65510,9,65525,0,2,701,95,59571,62907,990
374,940,16560,65512,9,65525,0,2,701,100,59573,62905,991
420,910,16498,65513,10,65525,0,2,701,98,59568,62915,992
298,854,16642,65512,9,65525,0,2,701,91,59567,62917,993
340,998,16452,65510,9,65525,0,2,701,94,59575,62914,994
314,894,16474,65510,9,65526,0,2,701,96,59578,62919,995
322,942,16636,65512,8,65525,0,2,701,87,59569,62914,996
346,980,16512,65511,9,65524,0,2,701,75,59569,62909,997
322,900,16558,65513,9,65525,0,2,701,77,59566,62911,998
398,938,16494,65513,10,65525,0,2,701,77,59563,62908,999
366,876,16648,65513,8,65525,0,2,701,69,59571,62901,1000
