616,922,16408,-25,10,-11,-2,-21,746,677,-6064,-2059,1
600,916,16456,-23,9,-11,-2,-21,746,666,-6070,-2049,2
570,952,16488,-24,11,-10,-2,-21,746,663,-6077,-2041,3
662,964,16540,-24,9,-11,-2,-21,746,680,-6077,-2041,4
602,870,16504,-25,11,-11,-1,-21,746,664,-6081,-2055,5
610,960,16490,-24,9,-10,-2,-21,746,653,-6071,-2050,6
568,908,16554,-24,9,-11,-1,-21,746,656,-6079,-2056,7
558,896,16474,-23,9,-10,-1,-21,746,678,-6078,-2050,8
582,932,16466,-26,9,-11,-1,-21,746,666,-6079,-2041,9
612,950,16472,-23,8,-10,-2,-21,746,660,-6081,-2049,10
594,932,16464,-24,9,-11,-2,-21,746,665,-6088,-2049,11
610,918,16480,-24,10,-10,-2,-21,746,670,-6096,-2025,12
544,936,16540,-25,10,-10,-1,-21,746,678,-6088,-2017,13
564,906,16498,-24,10,-11,-2,-21,746,679,-6082,-2029,14
638,940,16480,-23,10,-11,-1,-21,746,677,-6088,-2020,15
598,972,16576,-24,9,-10,-1,-21,746,675,-6077,-2019,16
616,954,16576,-24,10,-10,-1,-21,746,685,-6065,-2017,17
562,956,16488,-24,10,-11,-1,-21,746,674,-6096,-2018,18
546,938,16540,-25,10,-10,-1,-21,746,668,-6103,-2029,19
564,900,16542,-25,9,-11,-1,-21,746,664,-6082,-2019,20
584,956,16568,-24,9,-10,-1,-21,746,675,-6070,-2005,21
612,902,16518,-24,10,-10,-1,-21,746,687,-6082,-2021,22
600,942,16476,-23,10,-11,-1,-21,746,680,-6094,-2023,23
642,916,16352,-24,9,-11,-1,-21,746,687,-6083,-2030,24
592,932,16484,-24,12,-12,-1,-21,746,678,-6094,-2022,25
618,942,16542,-24,9,-10,-1,-21,746,673,-6093,-2018,26
616,964,16466,-23,10,-11,-1,-21,746,682,-6077,-2012,27
600,952,16506,-24,9,-11,-1,-21,746,679,-6087,-2015,28
550,928,16600,-24,9,-11,-1,-21,746,666,-6096,-2028,29
562,946,16534,-24,10,-12,-1,-21,746,684,-6087,-2005,30
526,976,16400,-24,9,-10,-1,-21,746,675,-6088,-2028,31
560,954,16502,-25,10,-11,-1,-21,746,671,-6092,-2023,32
588,962,16586,-25,9,-11,-1,-21,746,664,-6110,-1997,33
598,976,16560,-24,9,-12,-1,-21,746,660,-6088,-1997,34
570,924,16518,-24,10,-11,-1,-21,746,681,-6088,-1997,35
616,902,16438,-25,9,-10,-1,-21,746,680,-6086,-2013,36
576,966,16490,-23,9,-10,-1,-21,746,662,-6083,-2019,37
606,968,16390,-24,9,-10,-1,-21,746,665,-6095,-2031,38
600,924,16514,-24,10,-10,-1,-21,746,681,-6084,-2035,39
552,928,16522,-24,10,-11,-1,-21,746,695,-6096,-2026,40
582,858,16500,-24,9,-11,-1,-21,746,690,-6092,-2003,41
604,904,16552,-25,11,-11,-1,-21,746,673,-6075,-2017,42
614,882,16544,-25,10,-11,-1,-21,746,667,-6077,-2028,43
672,916,16440,-25,9,-10,-1,-21,746,660,-6090,-2027,44
614,918,16568,-23,9,-11,-1,-21,746,662,-6097,-2010,45
576,950,16506,-25,9,-11,-1,-21,746,664,-6101,-2001,46
620,978,16536,-25,9,-10,-1,-21,746,673,-6095,-2021,47
640,922,16432,-24,9,-11,-1,-21,746,674,-6100,-2024,48
646,936,16516,-24,9,-10,-1,-21,746,674,-6098,-2031,49
590,944,16598,-25,10,-12,-1,-21,746,676,-6107,-2018,50
598,892,16470,-25,9,-10,-1,-21,746,687,-6103,-2003,51
572,994,16446,-24,8,-10,-1,-21,746,686,-6094,-2013,52
588,938,16474,-25,10,-10,-1,-21,746,663,-6088,-2022,53
650,896,16530,-24,9,-11,-1,-21,746,667,-6084,-2019,54
592,918,16478,-25,9,-11,-1,-21,746,687,-6095,-2015,55
566,924,16548,-25,9,-11,-1,-21,746,688,-6092,-2015,56
612,960,16494,-24,9,-11,-1,-21,746,678,-6091,-2017,57
552,916,16484,-26,11,-10,-1,-21,746,672,-6094,-2028,58
592,956,16470,-24,10,-10,-1,-21,746,693,-6081,-1997,59
622,908,16494,-25,9,-11,-1,-21,746,673,-6092,-2028,60
600,946,16532,-24,10,-10,-1,-21,746,664,-6079,-2028,61
572,956,16484,-27,10,-10,-1,-21,746,666,-6082,-2024,62
544,906,16500,-25,10,-11,-1,-21,746,682,-6088,-2013,63
556,910,16422,-25,9,-12,-1,-21,746,681,-6092,-1996,64
660,962,16568,-24,8,-11,-1,-21,746,663,-6088,-2010,65
656,984,16580,-24,9,-12,-1,-21,746,662,-6096,-2023,66
612,956,16592,-23,11,-11,-1,-21,746,675,-6108,-2014,67
618,944,16574,-25,10,-11,-1,-21,746,674,-6076,-2025,68
648,938,16494,-24,9,-11,-1,-21,746,677,-6080,-2038,69
606,1002,16562,-24,9,-10,-1,-21,746,669,-6100,-2016,70
574,950,16440,-23,10,-11,-1,-21,746,676,-6111,-2012,71
584,968,16562,-24,9,-11,-1,-21,746,675,-6094,-2000,72
446,850,17002,-27,11,-10,-1,-21,746,664,-6088,-1996,73
788,690,16188,-27,16,-15,-2,-21,746,672,-6083,-2009,74
-432,958,16758,-30,-7,18,-2,-21,746,672,-6102,-2018,75
1330,1588,16064,-26,-35,-23,-1,-22,747,675,-6111,-2016,76
818,1376,17386,-24,12,-87,0,-24,744,675,-6106,-2030,77
1662,440,16738,-26,144,33,0,-23,744,680,-6093,-2028,78
1608,418,16848,-28,246,-2,-2,-17,745,689,-6089,-2004,79
-3368,1382,17156,-28,125,106,-2,-7,746,703,-6081,-1978,80
-328,1374,16624,-13,-67,19,0,-3,752,704,-6098,-1963,81
-934,1490,17076,-76,-242,-154,0,-8,748,688,-6104,-1985,82
2038,482,16140,-12,-156,-171,0,-18,742,683,-6085,-2009,83
4226,-1268,17686,-23,48,96,-2,-23,743,702,-6074,-2025,84
2772,-330,17276,-15,197,99,-5,-22,747,696,-6087,-2019,85
-3226,1898,17564,-2,168,-29,-5,-15,748,688,-6096,-1996,86
-1822,2002,17498,-40,-41,-16,-3,-10,748,690,-6103,-1992,87
260,2090,16398,-49,-146,-58,-1,-13,747,687,-6115,-1992,88
3008,1688,16608,-28,-60,-118,0,-20,744,677,-6115,-1990,89
2984,-146,16750,-39,117,34,-1,-22,742,703,-6112,-1988,90
2216,670,17940,-18,172,194,-2,-16,747,716,-6116,-1975,91
-318,1852,16072,38,44,-7,0,-10,752,683,-6140,-1962,92
-840,2370,17454,-127,-126,-198,0,-11,749,659,-6134,-1959,93
-754,930,16202,-35,-164,-9,0,-16,745,694,-6108,-1970,94
1180,602,16456,-16,-110,22,0,-22,747,693,-6093,-1973,95
1744,652,15378,-14,-49,-49,0,-28,747,660,-6086,-1998,96
1600,838,16000,-22,34,-5,0,-30,745,661,-6090,-2024,97
1144,862,16394,-24,104,24,0,-28,746,656,-6094,-2012,98
466,616,16678,-21,129,-29,-1,-25,747,668,-6082,-2006,99
-52,606,16790,-25,108,-7,-1,-20,746,683,-6084,-2005,100
104,784,16640,-25,79,-13,-2,-16,747,684,-6088,-1994,101
-240,882,16386,-28,51,-23,-2,-13,746,702,-6088,-1991,102
-12,1002,16446,-24,8,3,-2,-12,746,715,-6086,-1985,103
70,1078,16460,-25,-17,-24,-2,-12,746,709,-6099,-1983,104
66,1146,16406,-23,-41,-3,-2,-13,746,698,-6096,-1989,105
404,1186,16532,-24,-51,-9,-1,-15,746,694,-6120,-1983,106
248,1002,16456,-24,-59,-9,-1,-17,746,693,-6102,-1968,107
622,920,16540,-23,-62,-2,-1,-19,747,687,-6104,-1979,108
508,872,16398,-22,-42,-34,-1,-22,746,668,-6109,-1998,109
1044,796,16508,-24,-11,-2,-1,-24,746,662,-6095,-2003,110
1104,816,16402,-25,27,-5,-1,-25,746,682,-6103,-2016,111
500,872,16484,-24,53,-9,-1,-24,746,675,-6099,-2033,112
368,888,16456,-25,52,-6,-1,-22,747,673,-6094,-2017,113
296,976,16488,-23,33,-12,-1,-20,747,677,-6102,-1980,114
390,1018,16516,-24,12,-12,-1,-19,747,672,-6098,-1986,115
246,1004,16496,-23,-8,-11,-1,-19,747,671,-6093,-2005,116
606,928,16566,-24,-20,-8,-1,-20,747,674,-6084,-1982,117
632,934,16504,-24,-18,-16,-1,-21,747,673,-6105,-1980,118
740,850,16512,-23,-6,-9,-1,-22,746,669,-6105,-1999,119
884,904,16474,-23,12,-12,-1,-23,747,671,-6110,-2000,120
1356,876,17252,-20,44,-21,-2,-22,746,670,-6109,-2012,121
-1100,3028,15078,-28,-3,-24,0,-21,747,676,-6109,-2004,122
1864,-42,16486,-25,-42,3,0,-21,747,672,-6083,-2001,123
3958,-918,16558,-7,53,-1,-2,-21,745,672,-6096,-2025,124
-58,1572,19390,-50,185,11,-5,-19,747,683,-6097,-2029,125
6968,3272,15282,-44,72,69,-2,-11,749,681,-6106,-1996,126
386,74,17958,7,57,-196,0,-12,745,702,-6112,-1968,127
192,-2316,13770,6,20,145,-3,-11,746,714,-6096,-1967,128
-1452,1330,16484,22,115,-7,-4,-9,749,716,-6127,-1961,129
3546,3160,16182,-14,-85,-48,-2,-6,748,693,-6140,-1950,130
1274,468,19088,-20,-145,-71,0,-10,744,706,-6147,-1953,131
3248,-2140,16800,11,-71,135,-1,-15,747,712,-6144,-1960,132
2418,1186,17566,-36,69,-78,-4,-18,748,691,-6140,-1975,133
3588,2592,17486,-23,-20,20,-2,-16,747,683,-6158,-1969,134
-1660,1792,18716,-31,-117,36,1,-17,746,680,-6145,-1954,135
5310,-50,18134,-32,-67,-124,1,-24,747,665,-6129,-1962,136
2488,-1850,16562,69,63,85,0,-25,744,683,-6117,-1985,137
690,926,19890,-100,279,26,-3,-22,748,679,-6124,-1994,138
-68,2268,15854,-59,164,2,-2,-15,748,674,-6116,-1976,139
-5234,1544,14932,-33,-46,0,2,-11,746,683,-6138,-1971,140
3048,602,18050,-20,-106,-59,2,-15,747,691,-6142,-1977,141
6786,-2332,18832,25,-9,69,0,-15,745,686,-6127,-2007,142
612,-80,18978,-52,199,8,-3,-17,747,690,-6110,-2021,143
-138,1448,17150,-50,188,-45,-4,-12,746,693,-6132,-2009,144
-1532,2056,16174,-22,44,41,-2,-5,747,711,-6135,-1981,145
-3126,2834,15474,-8,-111,-41,0,-5,748,723,-6129,-1948,146
1176,1894,16154,-27,-272,-22,1,-10,747,690,-6136,-1959,147
1440,460,16778,-10,-246,-51,2,-20,746,671,-6134,-1984,148
2918,-502,17092,23,-84,-30,1,-30,745,658,-6134,-2008,149
1798,-610,15970,7,67,124,0,-31,747,650,-6135,-2029,150
1650,1120,18600,-80,182,-71,-2,-30,749,654,-6138,-2018,151
-1324,1926,20810,-65,160,-45,-3,-25,746,657,-6128,-1993,152
-4216,2404,16656,-53,119,33,0,-18,745,676,-6129,-1995,153
294,1640,17088,-18,-8,23,1,-15,748,692,-6124,-1994,154
596,758,16688,-32,-92,-75,2,-16,747,693,-6107,-2001,155
2614,-562,16836,-25,-42,-49,0,-20,745,701,-6101,-2036,156
3356,-1004,14908,3,93,109,-1,-21,746,695,-6087,-2044,157
1780,-144,17986,-20,168,-43,-4,-19,748,693,-6087,-2011,158
-528,1200,17092,-29,169,-34,-5,-13,746,700,-6102,-1984,159
-1556,2258,16692,-10,47,50,-3,-7,747,727,-6110,-1975,160
-2490,2510,16444,-51,-83,-54,0,-6,747,718,-6151,-1951,161
334,1606,16362,-41,-219,-3,0,-10,747,702,-6152,-1963,162
1090,348,15770,-11,-182,-61,0,-19,746,685,-6129,-1990,163
2488,-542,16984,22,-68,-16,0,-27,745,670,-6114,-2018,164
2618,-408,14410,-51,75,78,-1,-28,747,660,-6131,-2021,165
1512,926,15094,-50,162,-77,-4,-26,747,680,-6125,-2010,166
-744,1682,16884,-15,137,18,-3,-20,746,680,-6111,-2004,167
-2158,3174,16600,-31,72,-26,-1,-14,747,687,-6129,-1989,168
-574,2640,17666,-49,-68,-4,1,-12,747,691,-6124,-1974,169
240,830,15732,-34,-145,-34,2,-16,747,688,-6121,-1988,170
2372,-484,16952,-10,-53,-60,1,-21,745,676,-6115,-2003,171
1782,-736,14632,-45,45,57,-1,-24,746,679,-6093,-2016,172
208,278,16340,-12,135,-37,-3,-22,747,680,-6093,-2021,173
-2018,1792,17230,-21,118,4,-3,-16,746,691,-6099,-1989,174
124,2804,14762,-13,15,-57,-1,-13,748,699,-6116,-1974,175
-1696,1896,15346,-25,-137,11,1,-11,746,694,-6125,-1997,176
752,602,15752,-10,-163,-25,1,-17,747,700,-6145,-2005,177
1884,-318,17006,-1,-88,-43,0,-23,746,672,-6114,-2024,178
2362,-1192,15218,1,39,46,-1,-27,746,662,-6093,-2045,179
2064,376,18052,-50,162,-20,-4,-25,747,684,-6108,-2040,180
-8,1280,16792,-42,182,-28,-4,-20,746,695,-6105,-2023,181
22,1978,16554,-26,93,54,-3,-13,747,693,-6113,-1998,182
-1778,2622,17254,-42,-7,-38,-1,-9,747,699,-6123,-1977,183
-2,1714,17138,-28,-171,-1,0,-11,747,696,-6125,-1980,184
876,676,16256,-26,-202,-32,1,-18,747,670,-6124,-1999,185
2740,-276,17216,-2,-135,-43,0,-27,746,656,-6112,-2036,186
2090,-338,15948,0,21,23,0,-32,746,663,-6101,-2033,187
2328,-116,14470,-47,99,38,-2,-32,748,647,-6093,-2018,188
1246,950,15168,-69,177,-82,-4,-28,747,653,-6107,-2029,189
-710,1378,15844,4,162,18,-4,-22,746,676,-6123,-1997,190
-2504,2834,17016,-1,114,24,-2,-16,747,688,-6123,-1986,191
-1290,2768,17850,-39,-63,-14,0,-13,748,695,-6117,-1973,192
-240,1580,17072,-46,-170,-57,2,-17,747,692,-6122,-1964,193
2040,112,16632,-28,-158,-15,2,-23,746,679,-6110,-2000,194
2626,-414,17408,-1,-30,-19,0,-30,745,648,-6094,-2026,195
1728,-542,16474,-17,105,84,0,-29,747,661,-6093,-2027,196
1922,1166,18180,-70,202,-70,-3,-27,748,669,-6093,-2028,197
-882,1736,16730,-43,158,7,-3,-19,746,688,-6077,-2017,198
-3844,2440,15820,-21,72,-28,-1,-13,747,709,-6097,-2003,199
218,1930,16538,-35,-93,-6,0,-12,748,699,-6093,-1989,200
44,652,15318,-25,-162,-48,1,-16,746,697,-6065,-2008,201
1870,-458,16842,-8,-103,-14,0,-22,746,679,-6066,-2053,202
290,-868,15628,15,5,27,-1,-27,746,673,-6080,-2041,203
1888,200,17656,-64,128,-21,-4,-27,748,666,-6093,-2035,204
-284,854,16034,-36,147,-27,-4,-23,746,669,-6102,-2012,205
-734,2018,15778,-10,103,54,-4,-17,747,696,-6107,-1980,206
-1396,2520,17264,-19,5,-29,-1,-14,747,707,-6119,-1980,207
-94,1948,17544,-25,-143,-30,0,-16,747,678,-6110,-1987,208
1714,372,17042,-27,-154,-18,0,-22,747,672,-6084,-1993,209
2386,-180,17382,7,-55,-35,0,-28,746,678,-6093,-2003,210
2462,-742,14424,-30,51,64,-1,-28,747,699,-6116,-1992,211
1014,898,14926,-38,126,-53,-3,-27,748,675,-6133,-1989,212
-312,1796,16598,-2,76,0,-3,-23,747,660,-6129,-1981,213
-2748,2966,16988,-18,32,13,-1,-19,746,683,-6132,-1972,214
796,2078,18634,-35,-96,-8,1,-19,748,673,-6134,-1959,215
790,950,16972,-26,-125,-55,1,-23,747,661,-6137,-1965,216
2028,-350,16764,-27,-59,-24,1,-28,745,651,-6110,-1994,217
1880,-382,16534,1,81,13,0,-30,746,658,-6106,-2017,218
1942,34,14466,-74,141,31,-2,-27,748,662,-6127,-2005,219
-918,658,14974,-19,156,-54,-3,-22,747,687,-6112,-1966,220
-700,1894,16472,-10,65,56,-2,-16,747,704,-6109,-1972,221
-946,2146,16464,-15,-9,-15,0,-13,747,710,-6101,-1961,222
-196,1440,17834,-31,-132,-31,0,-15,747,693,-6112,-1954,223
1766,262,17528,-22,-152,-11,0,-21,747,685,-6120,-1954,224
2554,-356,17182,-1,-75,-37,0,-27,746,680,-6120,-1965,225
2924,-518,15522,-11,20,52,-1,-29,747,684,-6110,-1971,226
582,876,16524,-32,97,-31,-3,-28,748,671,-6127,-1982,227
5392,1522,20556,-26,80,-58,-4,-26,747,683,-6130,-1966,228
-986,2458,16440,-16,1,47,-1,-21,746,679,-6122,-1942,229
618,1716,16580,-21,-27,-16,0,-22,748,673,-6129,-1927,230
1354,330,16990,-22,-34,-71,0,-24,746,680,-6138,-1919,231
1574,-6,16802,-17,47,11,-1,-25,746,688,-6126,-1925,232
2700,630,16516,-73,105,21,-2,-24,748,683,-6134,-1906,233
-568,1138,15766,-34,115,-42,-3,-20,747,674,-6133,-1905,234
-760,1822,16196,-21,19,41,-1,-15,747,698,-6142,-1882,235
-1448,2026,16798,-37,-59,-62,0,-16,747,702,-6149,-1883,236
428,1142,16660,-28,-150,13,0,-19,747,682,-6144,-1902,237
442,-108,16754,-17,-112,-43,0,-26,747,675,-6122,-1904,238
1696,-198,16270,5,-22,-7,0,-30,746,680,-6133,-1921,239
1650,302,16338,-25,67,34,-1,-30,747,677,-6159,-1925,240
952,1140,15924,-74,110,-30,-3,-29,748,674,-6148,-1910,241
-1414,1914,14232,-29,91,-56,-2,-25,746,692,-6143,-1898,242
242,2044,15720,-11,1,69,0,-22,748,706,-6155,-1888,243
1082,1142,15536,-18,-59,-54,0,-23,748,689,-6158,-1898,244
866,82,16616,-16,-49,-37,0,-26,746,676,-6143,-1903,245
1890,-142,16576,-19,67,9,-1,-27,746,673,-6139,-1901,246
1224,328,16424,-34,143,2,-3,-25,747,682,-6132,-1918,247
188,1148,16582,-29,144,-12,-3,-20,747,692,-6149,-1897,248
-966,1788,16350,-26,57,14,-2,-15,747,696,-6154,-1881,249
-1854,2024,16216,-33,-30,-63,-1,-14,747,691,-6181,-1882,250
42,1066,16368,-26,-122,15,0,-15,747,718,-6165,-1865,251
1328,378,16592,-22,-97,-29,0,-21,747,705,-6155,-1874,252
1756,-160,17110,1,-35,-14,-1,-25,746,706,-6160,-1911,253
2102,446,16390,-55,77,6,-3,-26,747,682,-6165,-1913,254
308,1102,16146,-31,93,-12,-3,-24,747,693,-6158,-1893,255
1002,1938,15746,-21,75,-6,-2,-20,747,685,-6147,-1872,256
-1014,1934,16290,-12,-30,3,0,-18,747,691,-6159,-1858,257
676,1274,16538,-13,-80,-17,0,-19,747,708,-6157,-1879,258
1476,308,16910,-17,-71,-49,0,-24,746,695,-6149,-1895,259
1792,-120,16810,-15,27,-3,0,-26,746,690,-6142,-1903,260
1706,484,15436,-48,120,36,-2,-25,747,693,-6135,-1892,261
-334,1130,15738,-15,119,-32,-2,-21,747,693,-6144,-1909,262
1360,2482,16228,-25,32,3,-1,-16,747,706,-6154,-1895,263
-1636,1686,16254,-6,-89,0,0,-15,747,709,-6151,-1870,264
1028,796,17094,-15,-108,-27,1,-19,747,702,-6143,-1898,265
1938,34,16778,-8,-63,-38,0,-24,746,690,-6147,-1928,266
-1192,-396,15176,-9,37,19,-1,-26,746,688,-6144,-1915,267
1994,904,17826,-58,130,-8,-3,-25,748,685,-6140,-1896,268
-380,1458,16614,-45,107,-15,-3,-21,747,676,-6140,-1893,269
-326,2256,15372,-16,31,-21,-2,-17,747,693,-6149,-1880,270
388,1558,16000,-25,-83,12,0,-15,747,698,-6155,-1898,271
220,852,16356,-13,-103,-22,0,-18,747,691,-6133,-1910,272
1684,-184,17008,-6,-75,-40,0,-23,747,687,-6138,-1945,273
1242,-96,16608,-8,27,-2,-1,-26,746,712,-6133,-1946,274
1704,636,16382,-53,112,22,-2,-25,747,692,-6126,-1926,275
130,1410,16170,-29,111,-25,-3,-21,747,699,-6122,-1899,276
-2972,2548,16020,-33,25,-38,-1,-17,747,711,-6150,-1902,277
-720,1708,15678,-21,-68,22,0,-16,747,703,-6145,-1892,278
-146,720,15890,-22,-125,-28,1,-19,747,689,-6149,-1903,279
1952,-336,16494,-8,-59,-50,0,-25,746,673,-6142,-1920,280
1850,-408,16018,-1,65,20,-1,-27,746,679,-6124,-1948,281
2678,196,17120,-64,137,16,-3,-25,748,701,-6131,-1942,282
-504,1344,16278,-41,138,-37,-3,-20,747,701,-6133,-1941,283
282,2328,15520,-6,29,-18,-2,-16,747,708,-6137,-1911,284
-178,1796,15608,-20,-95,32,0,-14,747,709,-6152,-1905,285
812,1026,16592,-12,-127,-23,1,-18,747,698,-6163,-1921,286
2176,-374,17608,-4,-103,-60,0,-24,747,696,-6148,-1931,287
-1450,-700,15834,10,12,10,0,-28,746,689,-6136,-1944,288
2660,484,17010,-63,107,30,-3,-28,748,677,-6135,-1934,289
-416,1464,17834,-59,110,-60,-3,-25,747,681,-6146,-1930,290
-770,2056,15536,-39,68,-40,-2,-20,746,698,-6144,-1920,291
190,1664,15474,-20,-23,62,0,-17,748,692,-6131,-1917,292
-14,960,15140,-22,-106,-44,1,-20,748,682,-6139,-1910,293
1672,-220,16590,-11,-49,-62,0,-24,746,666,-6138,-1913,294
1768,-346,16642,-2,64,28,-1,-26,746,683,-6116,-1919,295
2364,400,15958,-72,139,20,-3,-24,748,701,-6116,-1945,296
-838,1024,15524,-37,153,-62,-3,-19,747,709,-6150,-1933,297
-766,1912,16000,-19,63,56,-2,-13,747,729,-6147,-1905,298
-1964,2466,16440,-40,-20,-64,0,-11,747,719,-6134,-1900,299
330,1914,16542,-30,-155,5,1,-13,747,709,-6134,-1912,300
920,416,15918,-28,-168,-32,1,-20,747,694,-6128,-1926,301
1804,-458,16860,16,-59,-43,0,-28,746,689,-6116,-1947,302
2194,-14,15876,-58,50,69,-1,-28,748,691,-6112,-1975,303
1032,814,15006,-49,87,-50,-3,-27,748,688,-6126,-1921,304
560,2080,16318,10,87,-97,-2,-26,746,675,-6141,-1907,305
330,2334,16084,-4,-8,95,0,-21,747,707,-6138,-1916,306
-344,1732,16762,-25,-69,-25,1,-22,748,693,-6149,-1933,307
284,630,17118,-13,-75,-70,1,-25,746,685,-6128,-1953,308
3206,-412,16870,-22,7,0,0,-29,746,675,-6111,-1933,309
1270,-188,16454,-22,136,3,-1,-28,746,679,-6113,-1939,310
200,552,17824,-50,146,8,-3,-24,748,696,-6128,-1941,311
-1362,1346,16826,-40,137,-19,-3,-18,747,695,-6136,-1922,312
950,2102,16154,-5,19,-36,-2,-14,747,707,-6130,-1905,313
-822,1500,16056,-29,-119,28,0,-13,747,703,-6137,-1900,314
260,710,16502,-21,-143,-38,0,-18,747,707,-6139,-1923,315
1452,4,16908,-2,-102,-20,0,-24,746,689,-6128,-1937,316
1820,-140,16290,-14,0,0,-1,-28,747,680,-6108,-1940,317
1424,578,16336,-44,89,5,-3,-28,747,674,-6123,-1946,318
-86,1604,16624,-25,88,-1,-3,-25,747,694,-6133,-1930,319
278,2570,17048,-34,34,-35,-1,-21,747,691,-6137,-1918,320
-126,2148,16536,-35,-58,12,0,-20,747,703,-6115,-1903,321
920,956,16132,-30,-107,-27,1,-23,747,695,-6130,-1911,322
1326,-36,16522,-22,-43,-48,0,-27,746,683,-6130,-1939,323
1582,-180,16466,-5,68,20,-1,-29,746,672,-6123,-1952,324
1842,554,15470,-53,147,16,-3,-26,748,693,-6114,-1935,325
-646,1382,15640,-34,118,-33,-3,-21,747,704,-6111,-1946,326
1268,2030,17648,-25,20,-7,-1,-17,748,705,-6117,-1915,327
-1016,1550,15090,-10,-85,2,0,-15,747,709,-6128,-1911,328
152,684,16392,-17,-105,-32,0,-18,747,689,-6128,-1918,329
1570,8,17074,-5,-64,-30,0,-23,746,686,-6123,-1924,330
1548,-170,15722,-42,20,6,-2,-26,747,701,-6130,-1926,331
574,740,16260,-28,85,-7,-3,-24,747,704,-6136,-1911,332
-426,1830,16572,-18,61,4,-3,-21,747,696,-6121,-1910,333
-610,2266,16882,-28,-7,-20,-1,-19,747,697,-6122,-1921,334
772,1274,17194,-33,-85,-4,0,-20,748,692,-6162,-1912,335
1426,374,16638,-25,-51,-47,0,-24,747,696,-6157,-1918,336
1758,92,16434,-11,19,7,-1,-26,746,697,-6141,-1926,337
1582,780,16158,-49,98,11,-2,-25,748,684,-6147,-1909,338
-54,1466,15962,-26,84,-21,-2,-22,747,690,-6129,-1907,339
76,2074,16174,-23,22,-22,-1,-19,747,709,-6134,-1913,340
-216,1296,16252,-25,-64,9,0,-18,747,707,-6143,-1926,341
1152,328,16112,-18,-50,-57,0,-22,747,698,-6138,-1936,342
2642,-356,17084,-5,8,35,-1,-24,746,695,-6133,-1949,343
1130,706,18066,-44,109,-14,-3,-24,747,693,-6123,-1927,344
80,1588,17168,-38,97,-8,-3,-20,747,684,-6134,-1933,345
-456,1934,16144,-28,9,12,-1,-17,748,697,-6129,-1900,346
-306,1628,15868,-21,-69,-51,0,-18,748,698,-6134,-1886,347
1330,626,16862,-24,-89,-6,0,-21,747,702,-6130,-1912,348
-1606,236,16258,2,-31,8,0,-25,747,690,-6124,-1930,349
1266,382,17228,-50,66,-12,-2,-26,748,684,-6118,-1940,350
-206,1302,16112,-35,83,-16,-2,-25,747,688,-6124,-1935,351
-514,1834,16406,-23,39,26,-1,-21,748,697,-6126,-1931,352
-1094,1952,16436,-27,-46,-26,0,-21,748,697,-6142,-1920,353
1070,806,16540,-20,-88,-45,0,-23,747,692,-6136,-1924,354
2180,102,17148,-7,-33,-16,0,-27,746,691,-6123,-1953,355
1856,-70,15898,-21,49,60,0,-27,748,681,-6126,-1959,356
1040,1000,16530,-35,96,-48,-2,-26,748,673,-6124,-1947,357
96,1662,17256,-24,60,-5,-2,-23,747,675,-6127,-1943,358
-346,1760,17146,-27,1,10,0,-22,747,678,-6113,-1936,359
758,1324,16472,-30,-43,-24,0,-22,748,690,-6102,-1925,360
1274,148,17088,-21,-15,-49,0,-25,747,676,-6113,-1948,361
1348,-398,15024,-23,60,34,-1,-26,747,678,-6110,-1965,362
560,818,15634,-16,102,-20,-2,-24,748,695,-6104,-1953,363
-632,1506,16840,-16,51,-2,-2,-21,747,711,-6115,-1939,364
-556,1710,16604,-24,-24,0,-1,-19,748,701,-6128,-1942,365
274,1226,16570,-26,-88,-33,0,-20,748,687,-6093,-1952,366
1160,520,16654,-20,-75,-30,0,-24,747,685,-6087,-1954,367
1754,222,16728,-10,-5,0,-1,-27,747,687,-6105,-1953,368
1466,86,14968,-22,59,26,-2,-27,748,685,-6110,-1948,369
806,1090,16654,-21,76,-40,-2,-26,748,671,-6114,-1970,370
-1240,1832,17034,-19,19,9,-2,-23,747,689,-6122,-1976,371
6,1642,17110,-19,-28,8,0,-22,748,714,-6119,-1966,372
1666,416,17064,-18,-43,-56,0,-24,747,689,-6110,-1960,373
1844,-56,16350,-3,-9,17,0,-27,747,679,-6111,-1965,374
1706,1354,17390,-30,33,4,-2,-27,748,693,-6115,-1969,375
316,2030,16586,-26,17,-54,-1,-26,748,673,-6111,-1980,376
1102,622,17160,-33,-37,-7,0,-25,747,687,-6103,-1973,377
1158,570,16464,-21,19,-15,-1,-26,747,697,-6093,-1999,378
1138,774,16358,-46,39,2,-1,-25,748,693,-6080,-1987,379
110,1234,15522,-22,6,-7,-1,-24,748,671,-6075,-1955,380
814,1142,16356,-27,-27,-30,-1,-24,747,681,-6100,-1971,381
1440,388,16812,-9,0,-26,-1,-25,747,691,-6096,-1976,382
1750,382,14878,-36,30,20,-2,-26,748,686,-6095,-1964,383
444,1116,15424,-12,16,-22,-2,-26,748,687,-6099,-1979,384
20,1348,16402,-18,-18,-15,-1,-25,747,684,-6106,-1957,385
1090,818,16698,-16,-6,-25,-1,-26,747,678,-6107,-1972,386
2520,492,16922,-8,16,22,-1,-26,747,667,-6110,-1977,387
848,1696,17952,-35,44,-15,-1,-26,748,671,-6123,-1954,388
426,1402,17458,-35,5,-26,-1,-25,748,683,-6110,-1966,389
1060,786,16752,-26,-2,-24,-1,-25,747,690,-6085,-1977,390
2282,40,16458,-8,31,29,-1,-25,747,697,-6085,-1973,391
864,1230,17816,-34,62,-19,-2,-24,748,688,-6089,-1965,392
-122,1812,17452,-31,17,5,-1,-22,748,690,-6106,-1958,393
816,940,16822,-27,-23,-39,-1,-22,748,692,-6110,-1967,394
2792,-42,17198,-22,-12,-4,-1,-23,747,686,-6105,-1977,395
602,1468,16152,-17,34,-5,-2,-24,747,684,-6101,-1966,396
156,1436,16754,-19,-2,1,-1,-23,748,683,-6105,-1952,397
794,1006,16576,-25,-34,-47,-1,-23,748,685,-6111,-1972,398
2976,152,17564,-21,5,9,-1,-24,746,699,-6130,-1964,399
710,1240,17042,-30,87,-2,-2,-24,747,685,-6122,-1956,400
22,1922,17158,-35,44,4,-2,-21,748,669,-6116,-1932,401
32,1548,16442,-32,-39,-26,0,-20,748,685,-6128,-1933,402
-1028,-40,15656,-10,-30,-25,0,-22,747,707,-6125,-1929,403
1062,120,17210,-32,67,4,-2,-24,747,699,-6122,-1919,404
220,1560,16310,-35,51,20,-2,-23,748,692,-6122,-1917,405
-324,2088,15904,-28,-34,-1,-1,-22,749,679,-6127,-1928,406
1278,880,16736,-23,-77,-71,0,-24,748,672,-6118,-1932,407
-220,-700,17624,10,-45,19,0,-26,746,680,-6115,-1920,408
788,1020,16510,-52,109,27,-2,-28,748,703,-6119,-1914,409
122,1246,16182,-37,102,-61,-2,-26,748,720,-6121,-1927,410
-224,1094,15294,-18,120,-19,-2,-22,746,717,-6123,-1935,411
668,1080,16814,-17,103,36,-1,-18,748,716,-6093,-1905,412
496,1266,16778,-18,81,-51,-1,-15,747,716,-6094,-1881,413
-112,1154,16824,-27,33,5,0,-12,747,722,-6118,-1867,414
202,1118,16508,-29,7,-16,0,-11,747,715,-6134,-1883,415
-222,994,16570,-27,-22,-15,0,-11,747,720,-6131,-1893,416
382,938,16396,-22,-45,1,0,-13,747,724,-6120,-1886,417
184,830,16506,-25,-53,-21,0,-15,747,718,-6134,-1902,418
390,814,16552,-24,-69,6,0,-17,747,716,-6121,-1899,419
822,774,16494,-23,-65,-12,-1,-20,748,708,-6113,-1906,420
2152,830,16628,-25,-61,-30,-1,-23,747,696,-6114,-1919,421
1368,826,16472,-23,-30,0,-1,-25,747,682,-6110,-1924,422
1314,934,16376,-25,27,-7,-1,-26,747,684,-6111,-1946,423
820,912,16700,-26,61,-14,-1,-25,747,685,-6098,-1927,424
770,960,16674,-25,60,-1,-1,-23,748,690,-6093,-1922,425
328,952,16462,-25,44,-17,-1,-21,748,691,-6112,-1925,426
260,1010,16452,-26,16,-9,-1,-20,748,694,-6120,-1933,427
404,960,16500,-25,-3,-14,-1,-20,748,695,-6119,-1924,428
426,968,16424,-25,-20,-9,-1,-21,748,690,-6101,-1935,429
708,992,16506,-25,-24,-15,-1,-22,748,695,-6108,-1940,430
842,948,16032,-23,-7,-21,-1,-23,747,692,-6103,-1948,431
1260,826,16564,-23,36,-15,-1,-24,747,680,-6107,-1943,432
1134,690,16592,-25,98,-19,-1,-22,747,673,-6104,-1927,433
64,980,16536,-26,110,17,-1,-19,747,702,-6107,-1932,434
-332,1258,16588,-26,66,-6,-1,-15,748,718,-6092,-1925,435
-862,1308,16538,-24,-22,-17,-1,-13,748,717,-6093,-1913,436
-148,1094,16536,-24,-109,-6,0,-14,748,703,-6105,-1920,437
402,880,16658,-26,-145,-13,0,-19,748,712,-6099,-1915,438
504,940,17010,-29,-117,-61,0,-25,747,686,-6086,-1942,439
1616,844,15722,-14,-55,-1,0,-30,747,671,-6089,-1982,440
2630,622,16190,-31,51,6,-1,-31,747,672,-6106,-1973,441
1116,732,16550,-28,138,-32,-1,-29,747,664,-6099,-1967,442
454,862,16528,-20,171,14,-2,-24,747,673,-6094,-1952,443
162,1016,16600,-21,162,-22,-2,-18,748,689,-6104,-1958,444
-778,1030,16534,-25,113,-29,-1,-12,747,711,-6097,-1920,445
-586,1100,16504,-26,56,10,-1,-8,747,734,-6080,-1908,446
-436,1036,16244,-23,-16,-11,-1,-7,748,746,-6079,-1900,447
-454,990,16418,-25,-66,-26,-1,-8,747,737,-6086,-1904,448
268,954,16448,-23,-107,15,-1,-11,747,721,-6099,-1905,449
224,972,16498,-25,-124,-21,-1,-16,748,708,-6087,-1938,450
502,808,16552,-21,-131,2,-1,-20,748,685,-6079,-1958,451
1504,948,16118,-17,-53,-41,-1,-26,747,674,-6098,-1966,452
2298,934,16492,-26,19,0,-1,-29,747,688,-6099,-1954,453
1838,938,16536,-32,94,-10,-1,-29,747,693,-6098,-1965,454
696,934,16268,-26,116,-3,-1,-25,747,694,-6103,-1959,455
224,946,16246,-26,114,-8,-1,-21,748,686,-6108,-1934,456
128,990,16354,-26,85,-21,-1,-17,747,710,-6100,-1935,457
88,956,16546,-24,48,-10,-1,-14,747,728,-6089,-1927,458
-14,978,16448,-26,18,-12,-1,-13,747,733,-6079,-1934,459
156,898,16528,-24,-15,-7,-1,-13,747,739,-6086,-1934,460
246,908,16480,-25,-32,-15,-1,-14,747,734,-6100,-1922,461
342,914,16590,-23,-47,-4,-1,-15,747,714,-6088,-1913,462
432,940,16564,-23,-57,-6,-1,-17,748,691,-6090,-1934,463
504,884,16610,-24,-59,-9,-1,-20,748,699,-6092,-1946,464
204,866,16538,-24,-44,-34,-1,-23,747,699,-6095,-1961,465
1124,894,16366,-23,-14,-1,-1,-25,747,694,-6102,-1952,466
1168,916,16486,-25,23,-8,-1,-26,748,677,-6093,-1947,467
530,934,16374,-24,52,-7,-1,-25,747,692,-6095,-1942,468
490,898,16482,-23,52,-7,-1,-23,748,719,-6094,-1926,469
88,910,16410,-24,36,-16,-1,-21,748,711,-6100,-1919,470
278,906,16560,-24,11,-9,-1,-20,748,714,-6096,-1930,471
326,896,16604,-25,-6,-14,-1,-20,748,710,-6103,-1947,472
608,904,16468,-25,-21,-10,-1,-21,748,712,-6111,-1951,473
634,984,16512,-24,-19,-16,-1,-22,748,703,-6112,-1949,474
978,888,16578,-23,-9,-8,-1,-23,748,689,-6107,-1955,475
882,934,16634,-25,11,-12,-1,-24,748,696,-6111,-1935,476
708,996,16520,-25,26,-8,-1,-24,748,701,-6104,-1933,477
662,950,16410,-25,29,-9,-1,-23,748,691,-6104,-1950,478
434,916,16528,-24,22,-14,-1,-22,748,703,-6090,-1942,479
450,904,16510,-23,8,-8,-1,-22,748,700,-6106,-1953,480
546,958,16464,-24,-2,-13,-1,-22,748,692,-6104,-1956,481
558,932,16520,-26,-6,-10,-1,-22,748,681,-6105,-1951,482
610,918,16566,-25,-1,-11,-1,-23,748,682,-6114,-1956,483
688,944,16546,-24,11,-12,-1,-23,748,694,-6111,-1962,484
696,972,16460,-23,18,-9,-1,-23,748,711,-6089,-1945,485
592,932,16496,-25,21,-10,-1,-23,748,702,-6100,-1942,486
528,940,16526,-24,17,-12,-1,-22,748,693,-6096,-1950,487
528,958,16514,-24,6,-10,-1,-22,748,699,-6118,-1939,488
610,908,16422,-25,1,-13,-1,-22,748,698,-6121,-1939,489
750,916,16604,-26,2,-12,-1,-23,748,707,-6112,-1940,490
764,922,16398,-26,7,-12,-1,-23,748,712,-6103,-1940,491
676,928,16588,-25,15,-10,-1,-23,748,701,-6109,-1939,492
652,948,16560,-25,16,-9,-1,-23,748,707,-6105,-1958,493
642,980,16462,-24,15,-11,-1,-23,748,691,-6112,-1946,494
606,962,16414,-23,8,-11,-1,-22,748,686,-6111,-1942,495
664,994,16492,-24,5,-11,-1,-22,748,716,-6117,-1931,496
666,946,16508,-24,4,-12,-1,-23,748,705,-6116,-1935,497
796,904,16520,-25,9,-11,-1,-23,748,706,-6113,-1933,498
690,956,16522,-25,13,-11,-1,-23,748,694,-6122,-1941,499
612,914,16542,-25,14,-10,-1,-23,748,693,-6129,-1932,500
590,966,16492,-24,12,-11,-1,-23,748,682,-6123,-1939,501
634,954,16530,-25,9,-12,-1,-22,748,678,-6110,-1945,502
614,948,16514,-25,7,-11,-1,-23,748,680,-6117,-1943,503
624,886,16490,-25,7,-12,-1,-23,748,671,-6116,-1930,504
650,930,16580,-26,10,-11,-1,-23,748,682,-6105,-1938,505
608,970,16520,-25,13,-10,-1,-23,748,681,-6118,-1950,506
642,952,16524,-23,13,-10,-1,-23,748,692,-6103,-1944,507
616,946,16440,-23,11,-11,-1,-23,748,691,-6092,-1933,508
680,936,16588,-25,9,-12,-1,-23,748,680,-6093,-1934,509
632,902,16538,-25,8,-11,-1,-23,748,685,-6104,-1928,510
636,914,16422,-24,7,-11,-1,-23,748,685,-6112,-1936,511
684,976,16470,-24,10,-11,-1,-23,748,680,-6099,-1949,512
652,958,16470,-24,11,-11,-1,-23,748,682,-6108,-1942,513
670,972,16606,-23,10,-11,-1,-23,748,682,-6120,-1947,514
574,884,16570,-26,9,-11,-1,-23,748,693,-6111,-1941,515
622,960,16502,-25,8,-12,-1,-23,748,692,-6097,-1946,516
594,964,16624,-25,7,-12,-1,-23,748,700,-6086,-1955,517
680,916,16566,-23,10,-12,-1,-23,748,709,-6103,-1938,518
704,966,16538,-24,11,-12,-1,-23,748,704,-6108,-1935,519
586,922,16466,-24,10,-11,-1,-23,748,705,-6111,-1931,520
598,958,16468,-25,10,-10,-1,-23,748,710,-6113,-1936,521
610,956,16542,-25,9,-10,-1,-23,748,694,-6122,-1940,522
698,938,16486,-24,10,-12,-1,-23,748,701,-6117,-1934,523
646,968,16562,-23,9,-10,-1,-23,748,699,-6115,-1932,524
682,926,16574,-25,11,-11,-1,-23,748,691,-6107,-1939,525
618,952,16602,-23,10,-11,-1,-23,748,701,-6104,-1927,526
586,940,16532,-24,9,-12,-1,-23,748,707,-6103,-1918,527
644,1018,16584,-26,9,-11,-1,-23,748,700,-6091,-1917,528
682,912,16610,-25,10,-11,-1,-23,748,694,-6108,-1933,529
610,998,16578,-24,9,-11,-1,-23,748,697,-6117,-1926,530
608,914,16462,-25,10,-11,-1,-23,748,703,-6115,-1923,531
640,932,16454,-25,10,-11,-1,-23,748,699,-6111,-1933,532
620,940,16588,-24,11,-12,-1,-23,748,687,-6115,-1929,533
604,906,16528,-24,8,-10,-1,-23,748,691,-6122,-1929,534
648,952,16498,-24,9,-11,-1,-23,748,699,-6114,-1931,535
668,902,16584,-26,10,-11,-1,-23,748,705,-6115,-1929,536
672,978,16602,-25,8,-11,-1,-23,748,707,-6121,-1927,537
634,896,16482,-25,11,-11,-1,-23,748,707,-6109,-1930,538
584,932,16564,-25,9,-11,-1,-23,748,709,-6106,-1934,539
602,940,16548,-24,10,-11,-1,-23,748,716,-6110,-1917,540
656,922,16486,-24,9,-11,-1,-23,748,712,-6102,-1924,541
680,946,16504,-24,9,-10,-1,-23,748,705,-6106,-1927,542
648,960,16618,-24,10,-10,-1,-23,748,700,-6121,-1929,543
624,952,16532,-24,10,-11,-1,-23,748,703,-6106,-1931,544
624,960,16566,-24,11,-11,-1,-23,748,693,-6113,-1934,545
614,946,16616,-24,10,-11,-1,-23,748,691,-6103,-1936,546
640,926,16602,-24,10,-12,-1,-23,748,697,-6117,-1953,547
630,968,16452,-24,8,-11,-1,-23,748,704,-6106,-1945,548
626,928,16530,-24,11,-11,-1,-23,748,709,-6091,-1919,549
640,882,16548,-25,9,-11,-1,-23,748,702,-6108,-1919,550
618,920,16444,-24,10,-10,-1,-23,748,700,-6115,-1914,551
646,950,16432,-24,10,-10,-1,-23,748,688,-6094,-1921,552
588,952,16548,-24,10,-11,-1,-23,748,694,-6086,-1921,553
658,948,16468,-24,9,-11,-1,-23,748,688,-6110,-1918,554
618,922,16524,-25,9,-11,-1,-23,748,696,-6116,-1911,555
670,950,16460,-25,9,-11,-1,-23,748,706,-6098,-1918,556
638,908,16510,-24,9,-11,-1,-23,748,700,-6094,-1926,557
636,948,16482,-26,9,-11,-1,-23,748,698,-6103,-1927,558
638,946,16592,-25,10,-12,-1,-23,748,693,-6111,-1917,559
628,968,16548,-26,8,-11,-1,-23,748,682,-6109,-1916,560
628,992,16458,-25,9,-12,-1,-23,748,712,-6100,-1910,561
670,978,16492,-25,11,-12,-1,-23,748,705,-6103,-1918,562
630,976,16572,-24,9,-10,-1,-23,748,705,-6103,-1921,563
678,936,16530,-24,9,-9,-1,-23,748,692,-6099,-1902,564
618,970,16532,-25,9,-12,-1,-23,748,689,-6106,-1894,565
658,936,16540,-26,9,-10,-1,-23,748,692,-6123,-1917,566
640,902,16478,-25,9,-12,-1,-23,748,699,-6108,-1929,567
620,944,16550,-25,10,-11,-1,-23,748,695,-6100,-1915,568
650,960,16420,-24,9,-11,-1,-23,748,703,-6105,-1900,569
634,896,16584,-25,9,-11,-1,-23,748,682,-6108,-1913,570
630,928,16472,-25,9,-11,-1,-23,748,676,-6115,-1904,571
646,982,16496,-25,10,-10,-1,-23,748,688,-6117,-1911,572
674,942,16434,-26,10,-10,-1,-23,748,706,-6102,-1908,573
670,992,16534,-24,10,-10,-1,-23,748,704,-6112,-1918,574
622,902,16446,-25,9,-11,-1,-23,748,697,-6118,-1908,575
620,914,16522,-24,12,-11,-1,-23,748,693,-6125,-1893,576
610,966,16488,-25,11,-12,-1,-23,748,692,-6106,-1901,577
640,934,16562,-25,10,-10,-1,-23,748,699,-6114,-1899,578
678,968,16476,-23,8,-10,-1,-23,748,724,-6103,-1893,579
692,960,16520,-24,10,-11,-1,-23,748,706,-6106,-1898,580
646,942,16472,-24,10,-11,-1,-23,748,714,-6111,-1883,581
620,994,16612,-24,10,-12,-1,-23,748,700,-6114,-1882,582
630,944,16516,-25,9,-12,-1,-23,748,698,-6143,-1901,583
598,934,16554,-26,10,-11,-1,-23,748,709,-6129,-1906,584
606,928,16566,-25,9,-12,-1,-23,748,710,-6128,-1897,585
624,914,16462,-22,9,-11,-1,-23,748,695,-6129,-1900,586
614,928,16470,-23,10,-10,-1,-23,748,703,-6125,-1906,587
628,964,16536,-24,11,-11,-1,-23,748,695,-6117,-1893,588
688,956,16486,-24,10,-10,-1,-23,748,702,-6119,-1900,589
568,1006,16506,-24,10,-11,-1,-23,748,699,-6118,-1886,590
634,916,16510,-23,10,-11,-1,-23,748,699,-6129,-1870,591
614,956,16466,-24,9,-12,-1,-23,748,709,-6145,-1881,592
606,1000,16506,-24,9,-11,-1,-23,748,692,-6123,-1890,593
622,958,16548,-25,10,-10,-1,-23,748,690,-6118,-1906,594
716,896,16488,-23,9,-11,-1,-23,748,699,-6107,-1911,595
656,960,16550,-26,10,-10,-1,-23,748,694,-6112,-1902,596
632,930,16494,-25,10,-11,-1,-23,748,705,-6123,-1900,597
620,964,16500,-24,9,-11,-1,-23,748,710,-6119,-1893,598
690,908,16504,-24,9,-12,-1,-23,748,707,-6116,-1887,599
598,910,16524,-24,10,-11,-1,-23,748,701,-6111,-1890,600
618,978,16458,-26,8,-11,-1,-23,748,716,-6106,-1900,601
702,914,16482,-25,10,-10,-1,-23,748,720,-6103,-1892,602
638,944,16506,-24,8,-11,-1,-23,748,695,-6107,-1878,603
646,958,16556,-23,10,-10,-1,-23,748,686,-6111,-1908,604
614,944,16446,-25,11,-12,-1,-23,748,698,-6111,-1895,605
608,950,16454,-23,9,-9,-1,-23,748,695,-6114,-1894,606
602,908,16428,-24,9,-10,-1,-23,748,696,-6109,-1895,607
644,988,16472,-25,8,-12,-1,-23,748,700,-6104,-1887,608
594,908,16586,-25,9,-11,-1,-23,748,699,-6118,-1877,609
688,918,16546,-25,9,-12,-1,-23,748,692,-6128,-1893,610
650,1000,16488,-25,9,-11,-1,-23,748,695,-6126,-1907,611
664,972,16438,-24,9,-10,-1,-23,748,700,-6114,-1897,612
670,982,16582,-25,10,-11,-1,-23,748,713,-6112,-1889,613
620,936,16522,-24,8,-11,-1,-23,748,695,-6113,-1905,614
616,910,16528,-24,9,-10,-1,-23,748,680,-6118,-1905,615
650,942,16554,-24,11,-11,-1,-23,748,706,-6109,-1901,616
634,902,16500,-24,10,-11,-1,-23,748,695,-6111,-1890,617
572,896,16410,-25,9,-11,-1,-23,748,685,-6130,-1900,618
646,1002,16418,-26,10,-9,-1,-23,748,689,-6121,-1900,619
608,958,16518,-25,10,-11,-1,-23,748,689,-6105,-1894,620
694,874,16476,-24,9,-10,-1,-23,748,694,-6115,-1890,621
690,906,16526,-25,10,-10,-1,-23,748,704,-6110,-1916,622
690,970,16532,-26,9,-11,-1,-23,748,696,-6115,-1909,623
658,984,16508,-24,9,-10,-1,-23,748,704,-6117,-1920,624
602,952,16486,-24,9,-10,-1,-23,748,705,-6116,-1914,625
662,954,16536,-25,10,-11,-1,-23,748,700,-6116,-1914,626
682,934,16568,-25,9,-10,-1,-23,748,691,-6119,-1903,627
646,990,16442,-24,9,-11,-1,-23,748,699,-6098,-1901,628
696,952,16564,-24,9,-11,-1,-23,748,702,-6109,-1902,629
674,952,16612,-24,10,-11,-1,-23,748,699,-6113,-1891,630
662,974,16542,-23,10,-11,-1,-23,748,708,-6119,-1900,631
664,920,16504,-24,9,-10,-1,-23,748,719,-6119,-1922,632
626,944,16466,-25,9,-10,-1,-23,748,712,-6106,-1918,633
622,908,16550,-25,9,-10,-1,-23,748,689,-6131,-1909,634
610,952,16472,-25,10,-11,-1,-23,748,698,-6121,-1918,635
622,940,16452,-23,10,-11,-1,-23,748,699,-6126,-1922,636
626,970,16470,-25,9,-11,-1,-23,748,688,-6120,-1926,637
638,930,16530,-24,9,-10,-1,-23,748,691,-6117,-1906,638
612,938,16582,-24,10,-12,-1,-23,748,699,-6120,-1925,639
654,994,16526,-24,9,-10,-1,-23,748,702,-6123,-1940,640
600,880,16440,-24,9,-11,-1,-23,748,709,-6086,-1924,641
664,926,16476,-25,10,-10,-1,-23,748,706,-6079,-1907,642
634,914,16582,-27,10,-12,-1,-23,748,697,-6095,-1909,643
644,942,16554,-25,10,-13,-1,-23,748,698,-6103,-1913,644
624,958,16592,-25,10,-10,-1,-23,748,692,-6102,-1923,645
650,934,16420,-24,10,-11,-1,-23,748,695,-6114,-1931,646
662,946,16566,-25,10,-12,-1,-23,748,700,-6117,-1926,647
644,978,16506,-24,9,-11,-1,-23,748,704,-6119,-1926,648
636,950,16630,-24,9,-12,-1,-23,748,689,-6110,-1918,649
662,954,16422,-25,8,-12,-1,-23,748,695,-6099,-1921,650
640,924,16478,-24,10,-12,-1,-23,748,692,-6091,-1932,651
656,948,16578,-25,9,-10,-1,-23,748,685,-6113,-1928,652
648,980,16478,-25,11,-10,-1,-23,748,705,-6111,-1928,653
608,980,16464,-25,10,-10,-1,-23,748,723,-6104,-1944,654
658,936,16464,-25,10,-10,-1,-23,748,695,-6095,-1923,655
620,932,16444,-24,9,-10,-1,-23,748,703,-6084,-1930,656
648,950,16472,-26,9,-12,-1,-23,748,713,-6094,-1936,657
684,958,16512,-24,10,-13,-1,-23,748,708,-6115,-1943,658
588,892,16508,-25,10,-10,-1,-23,748,707,-6103,-1950,659
622,988,16500,-26,9,-12,-1,-23,748,703,-6087,-1958,660
588,924,16482,-23,9,-12,-1,-23,748,701,-6091,-1951,661
648,938,16390,-24,9,-10,-1,-23,748,693,-6071,-1961,662
618,958,16512,-24,10,-10,-1,-23,748,702,-6057,-1959,663
610,880,16576,-24,9,-10,-1,-23,748,679,-6066,-1968,664
606,910,16500,-24,9,-10,-1,-23,749,673,-6071,-1962,665
628,906,16462,-24,9,-11,-1,-23,749,682,-6073,-1965,666
624,898,16516,-23,10,-9,-1,-23,749,690,-6064,-1985,667
622,914,16482,-23,10,-12,-1,-23,749,682,-6056,-1975,668
608,894,16452,-24,9,-11,-1,-23,749,682,-6062,-1962,669
694,918,16424,-23,10,-11,-1,-23,749,701,-6070,-1978,670
614,974,16600,-26,9,-9,-1,-23,749,687,-6058,-1985,671
644,996,16550,-25,9,-11,-1,-23,749,688,-6057,-2001,672
650,900,16524,-24,10,-10,-1,-23,749,688,-6063,-1987,673
676,986,16532,-26,9,-11,-1,-23,749,687,-6075,-1992,674
606,906,16546,-25,10,-10,-1,-23,749,691,-6069,-1993,675
600,916,16508,-25,11,-10,-1,-23,749,696,-6064,-1986,676
628,956,16572,-24,10,-10,-1,-23,749,684,-6074,-1959,677
622,956,16470,-25,9,-11,-1,-23,749,688,-6069,-1986,678
666,868,16584,-24,10,-11,-1,-23,749,691,-6066,-1972,679
656,974,16488,-24,10,-11,-1,-23,749,691,-6058,-1978,680
628,902,16514,-26,10,-12,-1,-23,749,696,-6051,-1969,681
670,924,16504,-25,10,-11,-1,-23,749,689,-6058,-1955,682
608,964,16524,-24,11,-10,-1,-23,749,688,-6053,-1964,683
640,972,16480,-24,11,-11,-1,-23,749,696,-6055,-1969,684
692,906,16526,-24,9,-10,-1,-23,749,698,-6051,-1969,685
648,956,16542,-24,10,-12,-1,-23,749,681,-6065,-1975,686
674,900,16536,-24,9,-12,-1,-23,749,674,-6078,-1967,687
594,900,16584,-25,9,-12,-1,-23,749,684,-6087,-1975,688
584,1022,16542,-23,10,-11,-1,-23,749,718,-6060,-1945,689
606,906,16544,-25,9,-11,-1,-23,749,702,-6065,-1942,690
636,952,16504,-24,9,-11,-1,-23,749,695,-6066,-1944,691
606,910,16506,-24,9,-11,-1,-23,749,700,-6052,-1927,692
682,950,16534,-25,9,-10,-1,-23,749,693,-6065,-1942,693
630,946,16484,-25,10,-11,-1,-23,749,688,-6071,-1943,694
638,912,16568,-24,10,-11,-1,-23,749,700,-6079,-1935,695
708,946,16480,-25,8,-11,-1,-23,749,700,-6079,-1923,696
622,938,16522,-25,9,-11,-1,-23,749,691,-6099,-1919,697
618,976,16570,-24,10,-11,-1,-23,749,686,-6114,-1920,698
666,978,16578,-24,10,-11,-1,-23,749,692,-6109,-1937,699
622,964,16476,-23,10,-13,-1,-23,749,691,-6098,-1926,700
650,904,16476,-24,10,-12,-1,-23,749,685,-6100,-1923,701
600,946,16462,-24,8,-11,-1,-23,749,685,-6114,-1917,702
660,972,16430,-24,9,-11,-1,-23,749,693,-6099,-1908,703
622,934,16458,-24,9,-11,-1,-23,749,698,-6089,-1919,704
686,914,16526,-24,10,-10,-1,-23,749,695,-6083,-1916,705
618,936,16568,-25,10,-11,-1,-23,749,690,-6088,-1904,706
682,960,16456,-24,9,-11,-1,-23,749,694,-6107,-1906,707
638,902,16524,-24,9,-11,-1,-23,749,688,-6119,-1903,708
666,952,16586,-23,9,-11,-1,-23,749,688,-6106,-1903,709
622,920,16484,-25,9,-11,-1,-23,749,697,-6094,-1912,710
588,964,16454,-24,9,-12,-1,-23,749,689,-6094,-1910,711
612,922,16498,-24,9,-11,-1,-23,749,698,-6096,-1900,712
726,908,16502,-23,9,-11,-1,-23,749,702,-6107,-1905,713
616,938,16478,-25,9,-11,-1,-23,749,692,-6124,-1898,714
634,950,16456,-23,9,-11,-1,-23,749,691,-6106,-1887,715
600,930,16522,-24,9,-10,-1,-23,749,693,-6091,-1886,716
702,988,16550,-23,9,-11,-1,-23,749,678,-6090,-1876,717
584,918,16560,-23,10,-10,-1,-23,749,690,-6099,-1864,718
658,962,16462,-24,9,-11,-1,-23,749,692,-6103,-1864,719
610,934,16566,-25,9,-10,-1,-23,749,705,-6103,-1883,720
636,900,16568,-24,10,-11,-1,-23,749,691,-6100,-1878,721
644,978,16526,-25,9,-12,-1,-23,749,700,-6108,-1871,722
650,920,16562,-25,10,-11,-1,-23,749,715,-6115,-1892,723
642,924,16556,-24,10,-11,-1,-23,749,697,-6125,-1885,724
584,950,16458,-24,10,-11,-1,-23,749,688,-6120,-1879,725
672,952,16464,-25,9,-10,-1,-23,749,676,-6128,-1888,726
644,1004,16540,-25,9,-11,-1,-23,749,698,-6115,-1887,727
636,894,16496,-26,10,-11,-1,-23,749,688,-6132,-1864,728
682,902,16574,-25,10,-10,-1,-23,749,687,-6135,-1857,729
670,954,16440,-24,10,-11,-1,-23,749,699,-6123,-1856,730
698,1006,16494,-25,10,-11,-1,-23,749,684,-6127,-1846,731
620,912,16518,-24,10,-11,-1,-23,749,684,-6131,-1835,732
612,966,16462,-24,8,-11,-1,-23,749,701,-6130,-1822,733
620,976,16584,-25,9,-12,-1,-23,749,700,-6130,-1823,734
630,1004,16484,-25,10,-10,-1,-23,749,695,-6140,-1827,735
580,924,16492,-24,8,-11,-1,-23,749,702,-6145,-1831,736
694,916,16602,-26,11,-11,-1,-23,749,701,-6147,-1834,737
600,998,16524,-24,9,-11,-1,-23,749,708,-6155,-1819,738
618,934,16494,-24,11,-11,-1,-23,749,706,-6159,-1826,739
644,944,16514,-25,8,-12,-1,-23,749,707,-6146,-1833,740
634,916,16550,-24,10,-12,-1,-23,749,700,-6141,-1830,741
602,986,16526,-24,10,-11,-1,-23,749,695,-6159,-1830,742
624,944,16548,-24,10,-11,-1,-23,749,694,-6158,-1822,743
668,928,16482,-25,10,-11,-1,-23,749,692,-6152,-1819,744
590,962,16502,-25,9,-12,-1,-23,749,688,-6154,-1826,745
690,966,16508,-24,11,-11,-1,-23,749,705,-6153,-1823,746
642,924,16522,-26,9,-12,-1,-23,749,701,-6160,-1816,747
628,868,16602,-23,10,-10,-1,-23,749,710,-6146,-1829,748
672,890,16490,-25,10,-11,-1,-23,749,718,-6122,-1846,749
688,936,16496,-26,9,-11,-1,-23,749,702,-6140,-1835,750
654,942,16538,-24,10,-11,-1,-23,749,689,-6159,-1814,751
690,978,16446,-25,8,-10,-1,-23,749,686,-6155,-1815,752
692,966,16526,-24,10,-12,-1,-23,749,681,-6167,-1832,753
630,948,16546,-24,9,-11,-1,-23,749,691,-6169,-1842,754
640,932,16502,-24,9,-12,-1,-23,749,702,-6145,-1856,755
590,894,16474,-25,9,-12,-1,-23,749,686,-6147,-1855,756
696,934,16468,-25,9,-11,-1,-23,749,682,-6146,-1835,757
636,906,16550,-24,9,-11,-1,-23,749,712,-6149,-1823,758
578,930,16476,-23,8,-11,-1,-23,749,700,-6162,-1830,759
574,1006,16426,-25,9,-12,-1,-23,749,678,-6149,-1839,760
668,958,16496,-24,10,-11,-1,-23,749,680,-6146,-1835,761
640,948,16466,-25,9,-11,-1,-23,749,673,-6153,-1836,762
618,922,16492,-25,9,-12,-1,-23,749,675,-6142,-1833,763
608,932,16592,-25,9,-11,-1,-23,749,691,-6155,-1829,764
656,958,16534,-23,9,-12,-1,-23,749,679,-6167,-1821,765
618,964,16500,-24,9,-11,-1,-23,749,690,-6146,-1815,766
666,992,16624,-25,9,-11,-1,-23,749,705,-6140,-1819,767
662,962,16574,-24,10,-11,-1,-23,749,704,-6143,-1825,768
630,936,16438,-23,11,-12,-1,-23,749,703,-6149,-1822,769
650,962,16484,-24,10,-11,-1,-23,749,685,-6141,-1811,770
634,964,16466,-24,10,-11,-1,-23,749,687,-6147,-1813,771
656,926,16490,-23,9,-10,-1,-22,749,692,-6141,-1809,772
626,898,16576,-24,9,-12,-1,-22,749,694,-6130,-1825,773
640,920,16490,-24,10,-11,-1,-22,749,708,-6149,-1824,774
566,994,16632,-24,8,-12,-1,-22,749,701,-6150,-1822,775
676,996,16378,-24,9,-11,-1,-22,749,718,-6143,-1828,776
678,960,16510,-25,8,-11,-1,-22,749,714,-6143,-1845,777
648,910,16518,-26,9,-11,-1,-22,749,709,-6134,-1839,778
636,890,16652,-25,9,-10,-1,-23,749,707,-6126,-1852,779
642,976,16534,-24,10,-10,-1,-23,749,700,-6133,-1872,780
614,990,16458,-26,10,-11,-1,-22,749,690,-6128,-1862,781
564,976,16488,-26,10,-10,-1,-22,749,683,-6134,-1865,782
616,906,16434,-25,9,-11,-1,-22,749,687,-6122,-1876,783
642,962,16432,-23,10,-11,-1,-22,749,699,-6123,-1892,784
620,950,16550,-24,9,-11,-1,-22,749,708,-6125,-1895,785
594,902,16568,-24,11,-11,-1,-22,749,689,-6128,-1881,786
652,970,16478,-24,11,-10,-1,-22,749,686,-6114,-1872,787
620,918,16454,-24,10,-11,-1,-22,749,698,-6126,-1892,788
644,972,16568,-24,10,-11,-1,-22,749,708,-6110,-1906,789
638,944,16486,-25,9,-11,-1,-22,749,705,-6102,-1911,790
664,942,16498,-25,10,-12,-1,-22,749,693,-6088,-1902,791
634,920,16448,-25,9,-11,-1,-22,749,689,-6075,-1906,792
600,958,16498,-25,9,-11,-1,-23,749,689,-6090,-1942,793
586,950,16468,-24,10,-11,-1,-23,749,699,-6093,-1937,794
600,968,16412,-25,10,-11,-1,-23,749,705,-6094,-1925,795
692,944,16532,-24,10,-12,-1,-22,749,698,-6092,-1932,796
620,876,16484,-23,10,-12,-1,-23,749,704,-6084,-1928,797
606,898,16548,-25,9,-12,-1,-23,749,691,-6080,-1943,798
622,952,16538,-24,10,-11,-1,-23,749,687,-6094,-1945,799
630,934,16534,-25,9,-11,-1,-23,749,686,-6065,-1947,800
632,944,16544,-25,10,-11,-1,-23,749,680,-6069,-1954,801
638,934,16516,-25,9,-11,-1,-22,749,702,-6080,-1922,802
654,928,16436,-23,9,-11,-1,-22,749,698,-6081,-1938,803
588,954,16508,-24,9,-10,-1,-22,749,694,-6088,-1937,804
650,914,16480,-24,9,-11,-1,-22,749,703,-6071,-1935,805
638,934,16614,-24,9,-11,-1,-23,749,698,-6064,-1932,806
636,948,16478,-24,9,-10,-1,-23,749,686,-6087,-1932,807
632,914,16510,-24,11,-12,-1,-22,749,691,-6090,-1908,808
640,940,16480,-24,9,-11,-1,-23,749,694,-6101,-1899,809
656,984,16526,-24,10,-11,-1,-23,749,697,-6097,-1894,810
658,954,16558,-24,9,-11,-1,-23,749,697,-6101,-1896,811
654,932,16580,-26,9,-11,-1,-23,749,704,-6097,-1909,812
698,946,16480,-25,10,-11,-1,-23,749,689,-6084,-1897,813
634,996,16494,-23,10,-12,-1,-23,749,693,-6097,-1905,814
620,944,16512,-25,9,-12,-1,-23,749,693,-6107,-1924,815
634,942,16520,-24,10,-11,-1,-23,749,690,-6098,-1910,816
592,964,16620,-26,9,-11,-1,-23,749,702,-6109,-1891,817
558,950,16466,-24,9,-10,-1,-23,749,706,-6113,-1902,818
652,978,16502,-25,9,-11,-1,-23,749,690,-6120,-1897,819
640,940,16466,-25,10,-12,-1,-23,749,702,-6112,-1900,820
628,982,16518,-25,10,-12,-1,-23,749,712,-6108,-1905,821
670,926,16550,-24,10,-11,-1,-23,749,701,-6096,-1907,822
584,936,16516,-24,9,-11,-1,-23,749,692,-6088,-1904,823
624,920,16518,-24,10,-11,-1,-23,749,698,-6098,-1908,824
610,958,16568,-23,9,-11,-1,-23,749,702,-6106,-1912,825
622,896,16534,-24,11,-11,-1,-23,749,704,-6107,-1913,826
594,982,16534,-24,10,-11,-1,-23,749,714,-6092,-1921,827
642,986,16568,-25,9,-11,-1,-23,749,702,-6077,-1930,828
638,958,16452,-24,9,-11,-1,-23,749,692,-6080,-1950,829
622,958,16418,-24,10,-11,-1,-23,749,696,-6088,-1954,830
632,938,16534,-24,8,-11,-1,-23,749,696,-6077,-1951,831
670,916,16402,-24,10,-10,-1,-23,749,693,-6078,-1960,832
644,942,16464,-24,9,-11,-1,-23,749,689,-6070,-1964,833
672,866,16528,-24,9,-10,-1,-23,749,692,-6059,-1970,834
614,914,16542,-25,9,-11,-1,-23,749,701,-6066,-1951,835
638,950,16470,-25,9,-12,-1,-23,749,700,-6068,-1964,836
606,946,16488,-25,10,-11,-1,-23,749,703,-6066,-1966,837
628,924,16518,-25,9,-10,-1,-23,749,697,-6056,-1972,838
672,880,16514,-23,10,-11,-1,-23,749,702,-6068,-1980,839
596,926,16448,-24,9,-11,-1,-23,749,707,-6065,-1989,840
650,980,16526,-25,10,-10,-1,-23,749,700,-6066,-2000,841
654,966,16540,-26,9,-12,-1,-23,749,684,-6066,-2000,842
596,920,16460,-24,10,-10,-1,-23,749,662,-6059,-1978,843
642,900,16408,-24,11,-12,-1,-23,749,687,-6039,-1988,844
624,912,16504,-25,10,-11,-1,-23,749,677,-6055,-1977,845
616,908,16544,-24,10,-11,-1,-23,749,677,-6071,-1973,846
632,918,16504,-24,9,-11,-1,-23,749,695,-6044,-1969,847
560,878,16478,-24,11,-12,-1,-23,749,704,-6054,-1974,848
666,1000,16592,-24,10,-11,-1,-23,749,705,-6062,-1980,849
608,934,16502,-24,10,-11,-1,-23,749,699,-6071,-1986,850
594,978,16474,-24,10,-12,-1,-23,749,691,-6055,-1978,851
692,934,16442,-24,10,-11,-1,-23,749,691,-6052,-1994,852
600,948,16480,-25,10,-11,-1,-23,749,685,-6054,-1990,853
648,942,16550,-25,9,-12,-1,-23,749,685,-6051,-1982,854
656,938,16526,-24,9,-10,-1,-23,749,687,-6039,-1994,855
604,960,16460,-25,9,-11,-1,-23,749,691,-6036,-2007,856
612,858,16452,-24,11,-10,-1,-23,749,684,-6047,-2010,857
594,912,16434,-23,10,-11,-1,-23,749,692,-6039,-2002,858
606,948,16542,-25,11,-11,-1,-23,749,707,-6049,-2013,859
612,906,16536,-24,9,-12,-1,-23,749,703,-6070,-2013,860
634,924,16510,-26,9,-10,-1,-22,749,682,-6053,-2011,861
672,928,16482,-23,9,-11,-1,-23,749,682,-6040,-2004,862
586,916,16448,-23,10,-12,-1,-23,749,703,-6041,-1987,863
626,950,16470,-24,10,-10,-1,-23,749,683,-6036,-2004,864
646,940,16454,-24,9,-11,-1,-23,749,683,-6039,-2007,865
620,944,16544,-24,10,-11,-1,-23,749,701,-6037,-2014,866
654,1002,16494,-24,10,-11,-1,-23,749,691,-6032,-2022,867
636,974,16492,-25,8,-11,-1,-23,749,692,-6035,-2029,868
590,904,16538,-23,10,-10,-1,-23,749,687,-6037,-2019,869
636,908,16568,-24,9,-11,-1,-23,749,692,-6041,-2003,870
606,930,16562,-24,9,-12,-1,-23,749,687,-6059,-2005,871
618,942,16558,-25,10,-11,-1,-23,749,683,-6043,-2008,872
662,944,16556,-24,9,-11,-1,-23,749,680,-6042,-2011,873
628,954,16490,-25,9,-11,-1,-23,749,698,-6027,-2017,874
654,938,16492,-24,9,-10,-1,-23,749,704,-6036,-2034,875
614,956,16518,-24,10,-11,-1,-23,749,689,-6045,-2047,876
696,888,16608,-24,9,-11,-1,-22,749,686,-6041,-2031,877
648,944,16624,-24,10,-12,-1,-22,749,701,-6041,-2033,878
616,922,16504,-24,10,-12,-1,-22,749,694,-6042,-2021,879
600,944,16578,-24,10,-10,-1,-22,749,675,-6023,-2032,880
598,974,16498,-24,10,-12,-1,-22,749,673,-6020,-2045,881
622,920,16496,-23,9,-12,-1,-22,749,682,-6021,-2044,882
628,958,16500,-25,9,-11,-1,-22,749,703,-6029,-2051,883
672,876,16540,-24,9,-11,-1,-22,749,703,-6032,-2041,884
640,944,16494,-24,10,-11,-1,-22,749,693,-6028,-2042,885
590,946,16550,-25,10,-11,-1,-22,749,705,-6015,-2042,886
604,918,16586,-26,8,-11,-1,-22,749,698,-6012,-2072,887
684,962,16500,-24,10,-11,-1,-22,749,686,-6023,-2058,888
624,966,16500,-25,9,-10,-1,-22,749,684,-6018,-2046,889
582,918,16486,-24,9,-12,-1,-22,749,687,-6021,-2047,890
612,936,16526,-26,10,-12,-1,-22,749,700,-6027,-2033,891
598,932,16522,-24,10,-11,-1,-22,749,702,-6022,-2037,892
672,956,16488,-24,9,-11,-1,-22,749,690,-6026,-2037,893
646,958,16590,-24,9,-12,-1,-22,749,700,-6026,-2029,894
646,952,16422,-23,9,-11,-1,-22,749,704,-6019,-2044,895
656,922,16512,-22,10,-12,-1,-22,749,684,-6012,-2057,896
646,904,16500,-25,10,-11,-1,-22,749,682,-6027,-2046,897
664,940,16596,-25,10,-11,-1,-22,749,677,-6044,-2044,898
624,968,16604,-25,9,-11,-1,-22,749,681,-6037,-2054,899
602,982,16476,-26,9,-11,-1,-22,749,695,-6048,-2053,900
670,934,16564,-23,11,-11,-1,-22,749,703,-6029,-2045,901
668,914,16478,-25,10,-11,-1,-22,749,688,-6024,-2044,902
678,946,16576,-24,10,-11,-1,-22,749,685,-6029,-2038,903
652,940,16522,-25,9,-11,-1,-22,749,689,-6023,-2042,904
624,938,16550,-24,9,-12,-1,-23,749,690,-6026,-2055,905
666,964,16456,-24,10,-11,-1,-22,749,682,-6036,-2053,906
590,926,16536,-26,10,-11,-1,-22,749,678,-6044,-2038,907
596,952,16570,-25,9,-10,-1,-23,749,690,-6053,-2033,908
616,1058,16602,-25,11,-11,-1,-23,749,694,-6044,-2034,909
626,902,16516,-24,10,-12,-1,-23,749,695,-6020,-2036,910
642,910,16530,-25,9,-11,-1,-23,749,693,-6038,-2021,911
548,952,16444,-23,11,-11,-1,-23,749,697,-6036,-2037,912
626,928,16570,-25,9,-10,-1,-23,749,695,-6040,-2035,913
632,958,16528,-25,9,-9,-1,-23,749,693,-6030,-2032,914
624,894,16542,-25,10,-11,-1,-23,749,699,-6044,-2031,915
652,960,16418,-24,10,-12,-1,-23,749,694,-6035,-2022,916
656,908,16468,-25,10,-12,-1,-23,749,699,-6030,-2018,917
686,948,16506,-25,9,-11,-1,-23,749,700,-6038,-2023,918
636,954,16510,-24,10,-12,-1,-23,749,683,-6039,-2021,919
608,940,16484,-25,9,-12,-1,-23,749,684,-6055,-2020,920
642,976,16512,-25,10,-11,-1,-23,749,701,-6062,-2024,921
578,924,16462,-23,9,-11,-1,-23,749,712,-6053,-2032,922
694,902,16566,-25,10,-11,-1,-23,749,677,-6039,-2020,923
606,952,16444,-25,9,-10,-1,-23,749,691,-6043,-2026,924
584,952,16492,-24,9,-11,-1,-23,749,697,-6035,-2009,925
604,986,16530,-25,8,-11,-1,-23,749,694,-6044,-2019,926
620,978,16492,-23,9,-10,-1,-23,749,703,-6057,-2014,927
650,958,16616,-24,10,-11,-1,-23,749,698,-6052,-2014,928
702,926,16530,-25,8,-12,-1,-23,749,697,-6047,-2011,929
622,920,16556,-23,11,-11,-1,-23,749,708,-6057,-2011,930
640,934,16446,-25,9,-11,-1,-22,749,688,-6060,-2013,931
682,994,16588,-24,9,-10,-1,-23,749,683,-6046,-2018,932
616,954,16572,-25,8,-10,-1,-23,749,688,-6053,-2008,933
664,960,16608,-23,10,-10,-1,-23,749,704,-6064,-1995,934
580,938,16496,-24,10,-11,-1,-23,749,710,-6060,-1992,935
640,946,16476,-24,10,-10,-1,-23,749,702,-6044,-1990,936
670,950,16530,-24,9,-11,-1,-23,749,687,-6050,-2009,937
652,928,16552,-24,11,-10,-1,-22,749,687,-6055,-2017,938
600,964,16660,-25,10,-11,-1,-22,749,700,-6049,-2002,939
546,948,16536,-24,9,-11,-1,-22,749,689,-6058,-2001,940
618,956,16500,-24,9,-12,-1,-22,749,699,-6054,-1996,941
598,974,16472,-24,9,-11,-1,-22,749,707,-6047,-1996,942
632,968,16572,-25,9,-11,-1,-23,749,693,-6067,-1993,943
630,886,16514,-23,11,-12,-1,-23,749,684,-6074,-1984,944
586,940,16614,-23,10,-11,-1,-23,749,678,-6074,-1986,945
636,998,16472,-24,10,-11,-1,-23,749,688,-6077,-1997,946
686,946,16496,-24,11,-10,-1,-23,749,684,-6080,-1995,947
654,956,16520,-24,9,-11,-1,-23,749,694,-6066,-1996,948
662,922,16544,-26,10,-11,-1,-23,749,707,-6049,-2000,949
604,972,16464,-24,10,-11,-1,-23,749,696,-6060,-1982,950
626,912,16580,-26,10,-10,-1,-22,749,698,-6067,-1973,951
616,912,16542,-25,11,-11,-1,-23,749,714,-6076,-1973,952
670,924,16502,-23,10,-11,-1,-23,749,697,-6085,-1965,953
606,990,16528,-24,9,-12,-1,-22,749,703,-6086,-1972,954
626,914,16522,-25,9,-10,-1,-22,749,690,-6083,-1973,955
584,926,16494,-25,11,-11,-1,-22,749,686,-6080,-1967,956
564,950,16478,-23,10,-11,-1,-22,749,698,-6082,-1958,957
672,884,16516,-23,11,-11,-1,-22,749,696,-6092,-1976,958
676,958,16506,-25,10,-11,-1,-22,749,703,-6097,-1984,959
644,984,16508,-25,9,-11,-1,-22,749,694,-6082,-1982,960
706,914,16558,-25,9,-12,-1,-22,749,703,-6069,-1967,961
658,900,16552,-25,8,-10,-1,-23,749,714,-6077,-1958,962
648,942,16462,-25,9,-10,-1,-23,749,711,-6083,-1945,963
668,942,16600,-24,9,-11,-1,-23,749,712,-6083,-1965,964
596,916,16486,-24,8,-11,-1,-23,749,706,-6071,-1961,965
610,916,16470,-24,11,-10,-1,-23,749,689,-6080,-1931,966
626,966,16478,-26,9,-11,-1,-23,749,687,-6089,-1943,967
638,924,16548,-25,9,-12,-1,-23,749,697,-6079,-1950,968
614,972,16484,-25,10,-12,-1,-23,749,694,-6073,-1964,969
580,998,16472,-23,9,-10,-1,-23,749,687,-6098,-1963,970
686,912,16484,-26,10,-10,-1,-23,749,700,-6091,-1929,971
662,908,16568,-22,9,-12,-1,-23,749,701,-6102,-1936,972
624,944,16448,-24,10,-11,-1,-23,749,703,-6110,-1929,973
650,952,16550,-23,9,-11,-1,-23,749,693,-6110,-1927,974
666,930,16572,-24,10,-12,-1,-23,749,686,-6106,-1931,975
712,960,16622,-24,11,-11,-1,-23,749,708,-6105,-1946,976
612,1016,16440,-25,9,-12,-1,-23,749,712,-6111,-1933,977
646,970,16544,-25,9,-9,-1,-23,749,709,-6105,-1921,978
660,942,16564,-24,9,-11,-1,-23,749,709,-6082,-1923,979
580,892,16510,-23,9,-11,-1,-23,749,688,-6099,-1921,980
660,916,16422,-24,11,-12,-1,-23,749,692,-6104,-1923,981
584,982,16510,-23,9,-12,-1,-23,749,697,-6103,-1931,982
610,922,16472,-25,9,-11,-1,-23,749,720,-6093,-1937,983
606,932,16418,-25,10,-11,-1,-23,749,708,-6087,-1918,984
656,972,16586,-24,10,-12,-1,-23,749,699,-6109,-1912,985
652,932,16500,-23,9,-11,-1,-23,749,707,-6110,-1922,986
654,950,16520,-24,9,-11,-1,-23,749,704,-6106,-1920,987
618,932,16458,-26,9,-11,-1,-23,749,715,-6108,-1914,988
626,952,16502,-25,10,-10,-1,-23,749,701,-6093,-1915,989
674,916,16474,-25,9,-11,-1,-23,749,694,-6099,-1917,990
598,940,16546,-24,10,-11,-1,-23,749,705,-6096,-1920,991
674,976,16534,-24,10,-11,-1,-23,749,691,-6110,-1924,992
640,956,16544,-24,10,-12,-1,-23,749,693,-6111,-1934,993
624,940,16596,-24,10,-11,-1,-23,749,702,-6101,-1910,994
664,926,16436,-24,9,-11,-1,-23,749,700,-6112,-1906,995
606,988,16476,-24,9,-11,-1,-23,749,702,-6121,-1917,996
652,964,16462,-24,9,-11,-1,-23,749,705,-6126,-1916,997
640,936,16560,-25,10,-11,-1,-23,749,702,-6119,-1910,998
654,930,16472,-24,8,-11,-1,-23,749,708,-6117,-1915,999
640,976,16532,-23,9,-11,-1,-23,749,694,-6096,-1908,1000
