224,914,16546,65511,9,65524,65535,4,724,82,59630,62859,1
250,926,16516,65510,8,65523,65535,4,724,87,59626,62866,2
322,820,16494,65511,10,65525,65535,4,724,103,59627,62860,3
348,910,16530,65513,9,65525,65535,4,724,108,59624,62853,4
304,898,16562,65510,10,65525,65535,4,724,88,59632,62853,5
292,896,16538,65512,8,65525,65535,4,724,95,59607,62875,6
334,888,16428,65512,8,65524,65535,4,724,92,59605,62871,7
270,922,16574,65513,10,65525,65535,4,724,82,59600,62873,8
302,914,16518,65512,9,65525,65535,4,724,86,59603,62862,9
278,918,16652,65513,10,65525,65535,4,724,85,59614,62845,10
328,890,16436,65512,9,65524,65535,4,724,90,59628,62857,11
356,920,16510,65511,11,65525,65535,4,724,85,59616,62858,12
274,864,16438,65512,9,65526,65535,4,724,101,59598,62840,13
360,874,16560,65512,9,65525,65535,4,724,111,59620,62845,14
302,910,16498,65511,9,65524,65535,4,724,112,59626,62868,15
318,906,16450,65512,8,65525,65535,4,724,114,59630,62858,16
324,874,16608,65511,9,65524,65535,4,724,98,59623,62854,17
348,978,16558,65511,9,65525,65535,4,724,103,59630,62841,18
304,894,16598,65511,9,65524,65535,4,724,96,59616,62851,19
374,890,16448,65511,10,65525,65535,4,724,93,59622,62854,20
238,964,16522,65511,9,65525,65535,4,724,107,59614,62848,21
276,872,16468,65512,9,65526,65535,4,724,98,59605,62861,22
308,870,16542,65510,8,65524,65535,4,724,98,59616,62867,23
290,914,16590,65512,9,65525,65535,4,724,104,59625,62858,24
298,920,16616,65512,9,65525,65535,4,724,104,59628,62843,25
304,930,16642,65510,9,65525,65535,4,724,88,59620,62840,26
382,934,16488,65512,9,65525,65535,4,724,93,59628,62859,27
298,852,16546,65511,8,65525,65535,4,724,97,59632,62859,28
328,908,16444,65512,9,65525,65535,4,724,95,59635,62846,29
390,816,16452,65510,10,65524,65535,4,724,98,59634,62844,30
288,922,16600,65510,8,65524,65535,4,724,94,59625,62858,31
356,852,16408,65511,8,65526,65535,4,724,81,59609,62845,32
272,890,16532,65511,8,65526,65535,4,724,113,59609,62835,33
330,864,16566,65511,9,65526,65535,4,724,103,59604,62850,34
252,850,16494,65511,10,65525,65535,4,724,94,59614,62859,35
336,894,16640,65513,8,65525,65535,4,725,96,59625,62865,36
230,870,16566,65512,10,65525,65535,4,725,95,59610,62868,37
354,936,16580,65511,10,65524,65535,4,725,100,59616,62855,38
328,886,16526,65512,10,65524,65535,4,725,99,59630,62866,39
234,892,16520,65512,9,65525,65535,4,725,104,59626,62860,40
332,906,16580,65513,10,65524,65535,4,725,104,59625,62855,41
310,912,16602,65512,9,65525,65535,4,725,96,59615,62847,42
284,850,16472,65511,9,65524,65535,4,725,100,59613,62863,43
302,946,16608,65511,9,65525,65535,4,724,104,59608,62859,44
296,942,16532,65512,8,65525,65535,4,724,94,59609,62858,45
330,866,16506,65511,9,65526,65535,4,724,84,59617,62870,46
356,914,16628,65510,8,65525,65535,4,725,113,59613,62864,47
232,910,16436,65511,9,65526,65535,4,725,107,59610,62870,48
294,924,16446,65513,9,65525,65535,4,725,102,59616,62858,49
310,894,16524,65512,10,65523,65535,4,725,105,59614,62860,50
310,910,16504,65510,8,65525,65535,4,725,116,59611,62869,51
320,894,16540,65509,8,65525,65535,4,725,110,59621,62869,52
308,896,16594,65510,9,65526,65535,4,725,101,59607,62873,53
274,930,16440,65512,9,65524,65535,4,725,103,59611,62880,54
322,938,16626,65510,10,65524,65535,4,725,96,59623,62872,55
290,842,16548,65512,9,65525,65535,4,725,95,59604,62869,56
316,966,16512,65512,10,65524,65535,4,725,110,59624,62865,57
308,904,16508,65511,9,65525,65535,4,725,110,59623,62863,58
338,892,16538,65510,10,65524,65535,4,725,100,59618,62863,59
300,884,16448,65512,9,65525,65535,4,725,102,59618,62867,60
316,926,16634,65512,8,65525,65535,4,725,112,59608,62883,61
300,912,16506,65512,9,65525,65535,4,725,109,59605,62872,62
292,958,16516,65512,9,65525,65535,4,725,107,59620,62864,63
332,938,16570,65509,10,65525,65535,4,725,95,59628,62857,64
324,912,16596,65512,8,65526,65535,4,725,89,59597,62850,65
300,924,16588,65511,9,65522,65535,4,725,92,59581,62861,66
316,884,16592,65512,10,65525,65535,4,725,101,59603,62884,67
312,908,16558,65513,8,65526,65535,4,725,108,59612,62885,68
284,896,16470,65510,10,65525,65535,4,725,113,59596,62884,69
296,954,16514,65511,9,65525,65535,4,725,100,59594,62903,70
280,918,16464,65512,10,65523,65535,4,725,99,59609,62895,71
312,940,16564,65513,9,65525,65535,4,725,112,59599,62911,72
258,870,16578,65512,8,65525,65535,4,725,123,59583,62900,73
304,844,16550,65511,10,65524,65535,4,725,105,59591,62890,74
330,876,16608,65511,10,65524,65535,4,725,93,59587,62914,75
254,900,16536,65511,9,65525,65535,4,725,91,59578,62907,76
336,946,16534,65511,10,65526,65535,4,725,101,59588,62917,77
274,938,16510,65511,10,65524,65535,4,725,98,59567,62917,78
314,976,16536,65512,8,65524,65535,4,725,106,59574,62909,79
306,906,16596,65511,10,65526,65535,4,725,97,59563,62920,80
304,910,16614,65511,8,65524,65535,4,725,110,59576,62935,81
298,846,16544,65512,9,65525,65535,4,725,96,59580,62943,82
304,898,16494,65510,9,65525,65535,4,725,93,59576,62947,83
300,894,16488,65512,9,65526,65535,4,725,117,59570,62931,84
334,870,16510,65510,9,65524,65535,4,725,116,59578,62928,85
344,932,16518,65512,9,65525,65535,4,725,106,59575,62947,86
256,894,16610,65511,8,65525,65535,4,725,93,59571,62945,87
320,896,16534,65512,9,65524,65535,4,725,93,59565,62925,88
320,920,16526,65510,9,65525,65535,4,725,89,59576,62933,89
292,904,16490,65512,10,65525,65535,4,725,107,59588,62929,90
390,962,16542,65511,9,65524,65535,4,725,115,59579,62935,91
306,904,16496,65510,9,65525,65535,4,725,104,59565,62934,92
316,908,16496,65511,9,65525,65535,4,725,111,59556,62931,93
282,954,16622,65512,9,65525,65535,4,725,101,59547,62944,94
372,918,16564,65512,9,65525,65535,4,725,90,59556,62935,95
374,894,16514,65512,9,65525,65535,4,725,110,59565,62925,96
366,946,16632,65512,9,65525,65535,4,725,110,59577,62944,97
278,918,16436,65512,9,65526,65535,4,725,96,59563,62971,98
276,912,16644,65512,10,65526,65535,4,725,89,59556,62951,99
332,904,16486,65511,10,65526,65535,4,725,92,59561,62937,100
304,916,16530,65513,9,65525,65535,4,725,83,59562,62943,101
284,852,16528,65511,9,65525,65535,4,725,107,59565,62953,102
282,848,16500,65512,10,65524,65535,4,725,116,59564,62946,103
350,926,16444,65510,10,65525,65535,4,725,112,59548,62947,104
322,906,16420,65512,8,65524,65535,4,725,102,59565,62952,105
290,888,16564,65512,9,65524,65535,4,725,108,59572,62937,106
324,842,16510,65511,8,65526,65535,4,725,100,59572,62941,107
332,906,16516,65512,11,65524,65535,4,725,88,59571,62944,108
278,904,16616,65511,11,65525,65535,4,725,93,59580,62944,109
272,898,16602,65511,9,65525,65535,4,725,105,59560,62957,110
284,912,16492,65511,9,65524,65535,4,725,127,59566,62946,111
280,938,16526,65512,9,65524,65535,4,725,125,59573,62956,112
348,966,16582,65512,9,65525,65535,4,725,97,59572,62952,113
324,920,16548,65511,9,65524,65535,4,725,93,59569,62944,114
256,922,16440,65512,10,65524,65535,4,725,103,59558,62934,115
316,956,16498,65512,10,65525,65535,4,725,132,59569,62939,116
334,918,16548,65512,10,65525,65535,4,725,117,59562,62933,117
350,878,16638,65510,9,65527,65535,4,725,101,59565,62934,118
270,924,16578,65511,9,65524,65535,4,725,107,59580,62932,119
300,968,16574,65512,9,65525,65535,4,725,84,59572,62919,120
316,926,16562,65511,11,65525,65535,4,725,113,59567,62906,121
300,882,16448,65511,10,65526,65535,4,725,113,59580,62905,122
232,890,16432,65512,10,65525,65535,4,725,102,59584,62905,123
328,914,16592,65513,8,65525,65535,4,725,85,59583,62908,124
286,912,16554,65511,10,65525,65535,4,725,109,59583,62924,125
304,932,16508,65514,8,65525,65535,4,725,103,59593,62922,126
328,944,16498,65511,10,65525,65535,4,725,116,59598,62913,127
322,898,16656,65511,9,65524,65535,4,725,110,59594,62901,128
240,910,16456,65512,8,65525,65535,4,725,103,59582,62916,129
346,886,16568,65513,9,65526,65535,4,725,92,59596,62916,130
288,894,16548,65512,9,65525,65535,4,725,79,59593,62890,131
296,918,16466,65511,9,65525,65535,4,725,104,59601,62887,132
302,914,16554,65511,10,65524,65535,4,725,109,59609,62895,133
310,886,16462,65511,9,65526,65535,4,725,105,59608,62893,134
284,964,16498,65509,9,65525,65535,4,725,104,59603,62874,135
334,890,16526,65510,10,65525,65535,4,725,110,59591,62864,136
318,910,16540,65511,8,65526,65535,4,725,104,59609,62875,137
344,902,16528,65510,9,65524,65535,4,725,90,59604,62869,138
314,922,16526,65512,9,65525,65535,4,725,90,59601,62877,139
356,904,16534,65512,9,65524,65535,4,725,80,59610,62878,140
258,924,16446,65512,9,65526,65535,4,725,89,59595,62889,141
270,948,16490,65509,9,65526,65535,4,725,95,59609,62892,142
308,906,16522,65511,9,65525,65535,4,725,85,59598,62873,143
326,944,16556,65511,9,65525,65535,4,725,95,59612,62867,144
352,950,16496,65511,10,65524,65535,4,725,101,59606,62875,145
340,894,16508,65511,9,65524,65535,4,725,106,59578,62879,146
280,952,16520,65511,9,65525,65535,4,725,103,59588,62868,147
316,886,16540,65512,10,65525,65535,4,725,109,59605,62876,148
296,850,16590,65510,11,65525,65535,4,725,107,59590,62890,149
356,932,16496,65511,9,65525,65535,4,725,100,59599,62891,150
286,880,16472,65512,10,65524,65535,4,725,80,59619,62887,151
292,964,16450,65512,8,65525,65535,4,725,89,59609,62870,152
324,958,16476,65512,10,65526,65535,4,725,101,59611,62852,153
320,860,16552,65511,9,65524,65535,4,725,87,59613,62865,154
314,906,16538,65509,8,65525,65535,4,725,100,59605,62872,155
286,872,16618,65510,10,65525,65535,4,725,107,59590,62875,156
294,942,16576,65512,9,65525,65535,4,725,93,59581,62863,157
294,848,16490,65509,10,65526,65535,4,725,77,59590,62874,158
282,926,16516,65510,9,65524,65535,4,725,82,59597,62871,159
306,930,16616,65511,8,65524,65535,4,725,80,59616,62859,160
248,910,16576,65511,7,65525,65535,4,725,92,59618,62885,161
308,960,16584,65510,10,65525,65535,4,725,102,59602,62886,162
306,902,16594,65512,9,65526,65535,4,725,102,59602,62893,163
354,858,16464,65511,8,65525,65535,4,725,103,59598,62887,164
278,886,16488,65510,9,65525,65535,4,725,112,59601,62879,165
248,892,16456,65511,9,65525,65535,4,725,104,59604,62871,166
244,880,16524,65510,9,65524,65535,4,725,96,59599,62868,167
268,938,16508,65513,9,65523,65535,4,725,107,59604,62879,168
350,932,16540,65511,9,65525,65535,4,725,109,59608,62907,169
312,888,16572,65513,7,65524,65535,4,725,117,59626,62902,170
314,842,16496,65513,9,65524,65535,4,725,85,59622,62873,171
328,892,16504,65511,10,65527,65535,4,725,86,59618,62861,172
324,898,16576,65513,8,65526,65535,4,725,100,59605,62863,173
298,878,16522,65512,9,65524,65535,4,725,114,59605,62864,174
228,844,16560,65511,10,65526,65535,4,725,111,59605,62869,175
330,904,16520,65512,9,65525,65535,4,725,95,59615,62868,176
336,882,16530,65512,7,65524,65535,4,725,103,59616,62856,177
344,850,16638,65511,8,65525,65535,4,725,108,59604,62857,178
320,930,16520,65511,8,65525,65535,4,725,107,59608,62857,179
278,878,16590,65510,10,65525,65535,4,725,109,59619,62863,180
360,850,16612,65511,10,65525,65535,4,725,117,59616,62872,181
328,962,16536,65512,9,65526,65535,4,725,113,59621,62844,182
260,976,16598,65511,8,65526,65535,4,725,100,59638,62833,183
330,904,16510,65512,9,65526,65535,4,725,111,59624,62835,184
320,962,16534,65511,9,65524,65535,4,725,99,59610,62835,185
356,876,16536,65513,9,65525,65535,4,725,103,59624,62834,186
328,896,16550,65511,9,65524,65535,4,725,95,59633,62851,187
282,906,16486,65511,8,65524,65535,4,725,108,59625,62869,188
314,944,16558,65513,9,65525,65535,4,725,108,59631,62836,189
314,876,16566,65513,8,65525,65535,4,725,108,59641,62813,190
322,844,16500,65511,9,65526,65535,4,725,96,59633,62837,191
244,922,16436,65511,8,65525,65535,4,725,86,59644,62842,192
322,938,16564,65510,9,65524,65535,4,725,105,59655,62839,193
310,924,16518,65512,9,65525,65535,4,725,108,59640,62832,194
328,962,16598,65511,10,65525,65535,4,725,101,59638,62837,195
358,916,16606,65512,9,65526,65535,4,725,103,59635,62838,196
338,894,16564,65511,9,65525,65535,4,725,99,59644,62836,197
292,936,16512,65512,9,65524,65535,4,725,94,59645,62827,198
312,878,16598,65512,9,65526,65535,4,725,100,59626,62816,199
354,924,16514,65511,9,65524,65535,4,725,111,59628,62815,200
330,900,16638,65511,9,65525,65535,4,725,84,59650,62821,201
280,876,16420,65511,11,65526,65535,4,725,90,59634,62811,202
370,928,16550,65511,8,65526,65535,4,725,95,59647,62820,203
284,904,16566,65512,10,65524,65535,4,725,78,59647,62824,204
338,876,16630,65511,9,65525,65535,4,725,97,59636,62830,205
260,934,16554,65513,9,65526,65535,4,725,84,59643,62819,206
286,944,16524,65509,9,65525,65535,4,725,104,59643,62806,207
342,876,16524,65511,10,65526,65535,4,725,99,59638,62814,208
288,916,16418,65512,8,65526,65535,4,725,106,59642,62841,209
298,868,16588,65511,10,65526,65535,4,725,98,59633,62825,210
310,916,16518,65511,9,65524,65535,4,725,94,59636,62834,211
286,902,16480,65510,10,65524,65535,4,725,107,59632,62834,212
278,898,16676,65512,9,65524,65535,4,725,103,59636,62820,213
336,872,16524,65511,8,65525,65535,4,725,95,59637,62821,214
306,976,16468,65511,9,65525,65535,4,725,116,59633,62841,215
298,932,16496,65511,8,65526,65535,4,725,115,59633,62839,216
342,880,16500,65511,8,65525,65535,4,725,111,59633,62841,217
334,856,16436,65512,9,65525,65535,4,725,110,59632,62830,218
304,924,16490,65512,8,65524,65535,4,725,103,59640,62832,219
304,906,16488,65512,10,65525,65535,4,725,98,59649,62838,220
278,844,16510,65512,10,65526,65535,4,725,88,59642,62815,221
282,872,16440,65511,10,65525,65535,4,725,90,59643,62821,222
268,926,16536,65510,8,65525,65535,4,725,106,59651,62841,223
252,930,16574,65511,9,65524,65535,4,725,116,59650,62847,224
366,904,16560,65511,9,65525,65535,4,725,119,59647,62831,225
278,926,16450,65511,8,65526,65535,4,725,100,59652,62826,226
316,892,16542,65512,10,65524,65535,4,725,113,59642,62830,227
354,930,16578,65512,10,65525,65535,4,725,96,59628,62825,228
244,960,16556,65510,10,65526,65535,4,725,93,59618,62827,229
336,900,16502,65511,9,65525,65535,4,725,96,59633,62820,230
326,924,16598,65510,9,65524,65535,4,725,108,59655,62813,231
380,914,16572,65511,10,65527,65535,4,725,110,59658,62813,232
268,904,16488,65512,10,65525,65535,4,725,104,59636,62816,233
302,940,16532,65511,9,65524,65535,4,725,104,59631,62833,234
302,880,16554,65513,9,65525,65535,4,725,109,59651,62840,235
278,908,16532,65513,9,65525,65535,4,725,104,59660,62824,236
274,938,16662,65511,9,65525,65535,4,725,100,59643,62806,237
388,932,16570,65512,8,65526,65535,4,725,107,59636,62823,238
322,906,16556,65510,8,65524,65535,4,725,101,59640,62825,239
296,950,16536,65511,9,65526,65535,4,725,99,59634,62821,240
270,956,16540,65511,8,65525,65535,4,725,90,59633,62831,241
290,944,16626,65513,9,65525,65535,4,725,98,59641,62841,242
324,904,16464,65513,10,65525,65535,4,725,110,59624,62827,243
286,840,16564,65512,9,65524,65535,4,725,109,59633,62832,244
356,882,16588,65512,9,65524,65535,4,725,102,59632,62831,245
272,868,16502,65511,10,65525,65535,4,725,87,59631,62836,246
320,966,16488,65512,10,65525,65535,4,725,98,59625,62838,247
264,894,16462,65509,9,65524,65535,4,725,100,59634,62848,248
386,928,16582,65514,9,65525,65535,4,725,120,59616,62846,249
280,908,16580,65511,8,65524,65535,4,725,107,59613,62840,250
280,894,16528,65512,10,65524,65535,4,725,111,59625,62844,251
284,894,16528,65511,8,65525,65535,4,725,122,59625,62844,252
338,874,16486,65512,8,65525,65535,4,725,109,59610,62852,253
286,880,16472,65512,8,65526,65535,4,725,101,59619,62861,254
338,902,16548,65511,10,65526,65535,4,725,94,59636,62844,255
356,916,16490,65512,8,65525,65535,4,725,95,59621,62838,256
284,860,16516,65511,9,65524,65535,4,725,88,59612,62844,257
300,872,16556,65510,9,65525,65535,4,725,104,59624,62857,258
274,874,16504,65511,10,65525,65535,4,725,116,59607,62863,259
344,908,16628,65511,9,65524,65535,4,725,125,59626,62843,260
308,924,16468,65510,8,65525,65535,4,725,123,59631,62856,261
322,904,16500,65510,8,65525,65535,4,725,114,59636,62849,262
348,902,16516,65511,9,65525,65535,4,725,105,59626,62833,263
350,884,16518,65511,8,65525,65535,4,725,104,59619,62840,264
312,846,16496,65510,9,65524,65535,4,725,96,59637,62845,265
342,822,16520,65510,10,65524,65535,4,725,79,59644,62842,266
368,958,16584,65512,9,65525,65535,4,725,88,59622,62839,267
292,872,16566,65513,9,65525,65535,4,725,92,59618,62834,268
288,936,16504,65512,10,65525,65535,4,725,89,59618,62841,269
304,912,16572,65510,10,65526,65535,4,725,105,59624,62841,270
324,894,16532,65511,9,65525,65535,4,725,108,59637,62836,271
362,916,16528,65511,8,65525,65535,4,725,99,59635,62825,272
292,948,16464,65511,10,65526,65535,4,725,95,59624,62830,273
360,912,16614,65512,9,65525,65535,4,725,108,59613,62850,274
314,908,16490,65513,8,65525,65535,4,725,120,59625,62840,275
310,902,16498,65511,9,65525,65535,4,725,105,59632,62828,276
316,928,16544,65512,7,65525,65535,4,725,91,59631,62848,277
266,852,16648,65511,10,65524,65535,4,725,105,59655,62849,278
330,956,16498,65510,8,65525,65535,4,725,97,59632,62833,279
320,866,16390,65513,10,65525,65535,4,725,96,59616,62837,280
312,888,16564,65511,8,65525,65535,4,725,99,59613,62843,281
318,864,16522,65512,9,65525,65535,4,725,96,59630,62834,282
276,930,16578,65512,9,65524,65535,4,725,91,59636,62837,283
284,888,16516,65511,9,65525,65535,4,725,122,59639,62835,284
342,900,16536,65512,8,65524,65535,4,725,120,59641,62830,285
278,940,16542,65512,9,65523,65535,4,725,93,59646,62819,286
346,894,16436,65512,10,65526,65535,4,725,110,59648,62831,287
310,920,16586,65511,9,65525,65535,4,725,115,59641,62839,288
328,860,16446,65512,10,65526,65535,4,725,112,59641,62835,289
332,892,16414,65512,9,65524,65535,4,725,96,59653,62830,290
324,912,16638,65511,8,65525,65535,4,725,87,59641,62838,291
254,940,16564,65511,9,65525,65535,4,725,83,59640,62832,292
282,904,16500,65512,8,65525,65535,4,725,118,59643,62830,293
326,920,16516,65511,8,65524,65535,4,725,107,59628,62837,294
318,878,16492,65511,9,65526,65535,4,725,84,59634,62848,295
318,894,16440,65511,9,65526,65535,4,725,88,59648,62864,296
286,862,16478,65511,9,65525,65535,4,725,110,59666,62856,297
336,954,16514,65509,10,65525,65535,4,725,103,59651,62834,298
320,888,16516,65510,9,65526,65535,4,725,91,59634,62835,299
336,842,16408,65511,8,65525,65535,4,725,97,59629,62840,300
274,956,16544,65510,9,65526,65535,4,725,112,59620,62842,301
328,908,16544,65511,9,65526,65535,4,725,106,59626,62846,302
326,924,16462,65513,10,65525,65535,4,725,87,59618,62832,303
304,952,16434,65512,8,65524,65535,4,725,98,59601,62837,304
326,914,16468,65511,8,65526,65535,4,725,92,59622,62844,305
272,924,16524,65513,8,65524,65535,4,725,81,59642,62840,306
292,898,16580,65512,11,65525,65535,4,725,103,59630,62842,307
298,894,16484,65512,9,65526,65535,4,725,109,59623,62832,308
294,896,16434,65510,10,65525,65535,4,725,87,59620,62868,309
280,884,16566,65512,9,65526,65535,4,725,95,59616,62863,310
374,888,16548,65511,8,65524,65535,4,726,105,59625,62859,311
254,898,16546,65511,9,65525,65535,4,726,109,59622,62858,312
264,892,16570,65511,9,65524,65535,4,725,110,59622,62869,313
310,924,16554,65512,9,65525,65535,4,726,101,59621,62868,314
328,910,16572,65510,10,65525,65535,4,726,103,59622,62867,315
290,876,16590,65510,8,65526,65535,4,726,106,59625,62851,316
324,912,16492,65513,8,65524,65535,4,726,106,59615,62852,317
326,906,16580,65511,9,65525,65535,4,726,101,59617,62858,318
332,878,16486,65510,9,65523,65535,4,726,96,59623,62861,319
342,906,16572,65512,9,65525,65535,4,726,105,59619,62877,320
342,918,16586,65512,10,65525,65535,4,726,105,59617,62880,321
290,908,16564,65510,10,65525,65535,4,726,108,59632,62877,322
322,970,16558,65512,10,65526,65535,4,726,121,59623,62874,323
248,944,16632,65511,8,65526,65535,4,726,107,59612,62851,324
332,908,16580,65512,10,65525,65535,4,726,93,59610,62854,325
312,870,16468,65512,9,65524,65535,4,726,101,59605,62858,326
294,900,16568,65511,8,65526,65535,4,726,109,59625,62862,327
278,882,16612,65512,9,65525,65535,4,726,108,59630,62876,328
296,898,16474,65511,10,65524,65535,4,726,89,59617,62869,329
304,896,16562,65512,10,65525,65535,4,726,112,59615,62858,330
342,898,16578,65512,10,65524,65535,4,726,104,59618,62867,331
326,908,16468,65511,9,65524,65535,4,726,96,59626,62867,332
308,910,16522,65510,8,65525,65535,4,726,104,59619,62840,333
268,900,16560,65511,8,65525,65535,4,726,110,59628,62839,334
328,928,16502,65511,9,65526,65535,4,726,115,59618,62845,335
384,922,16472,65511,9,65525,65535,4,726,112,59625,62847,336
236,874,16510,65511,6,65523,65535,4,726,100,59635,62858,337
314,930,16530,65510,9,65524,65535,4,726,80,59623,62870,338
280,904,16530,65512,8,65526,65535,4,726,95,59608,62871,339
324,908,16576,65510,9,65525,65535,4,726,125,59607,62851,340
270,894,16646,65512,8,65524,65535,4,726,115,59611,62866,341
348,910,16500,65510,9,65525,65535,4,726,118,59610,62867,342
270,936,16534,65511,10,65527,65535,4,726,107,59630,62850,343
294,932,16468,65511,9,65526,65535,4,726,103,59622,62856,344
320,872,16528,65510,8,65526,65535,4,726,107,59621,62860,345
222,910,16450,65510,9,65525,65535,4,726,107,59621,62859,346
274,866,16482,65511,9,65526,65535,4,726,110,59616,62855,347
320,892,16510,65512,9,65524,65535,4,726,107,59630,62845,348
288,882,16474,65511,9,65524,65535,4,726,102,59629,62843,349
256,888,16628,65511,9,65525,65535,4,726,97,59629,62826,350
352,862,16546,65511,8,65525,65535,4,726,103,59623,62825,351
266,912,16508,65510,9,65524,65535,4,726,111,59630,62842,352
346,874,16518,65510,9,65525,65535,4,726,113,59616,62865,353
328,898,16642,65511,9,65526,65535,4,726,106,59632,62855,354
266,890,16532,65512,8,65526,65535,4,726,105,59626,62835,355
324,948,16564,65511,10,65525,65535,4,726,109,59636,62838,356
300,866,16486,65510,10,65525,65535,4,726,116,59629,62838,357
282,942,16514,65511,11,65526,65535,4,726,86,59627,62837,358
262,908,16518,65512,10,65526,65535,4,726,77,59640,62846,359
364,934,16606,65510,8,65526,65535,4,726,118,59636,62841,360
300,894,16576,65513,10,65526,65535,4,726,112,59648,62832,361
340,902,16466,65512,9,65525,65535,4,726,110,59637,62821,362
328,864,16568,65511,9,65525,65535,4,726,103,59637,62811,363
330,910,16520,65510,10,65524,65535,4,726,93,59642,62812,364
236,932,16494,65512,9,65525,65535,4,726,107,59641,62798,365
362,904,16564,65513,12,65526,65535,4,726,112,59657,62815,366
338,878,16558,65512,9,65525,65535,4,726,106,59645,62807,367
322,926,16548,65513,10,65525,65535,4,726,99,59633,62786,368
278,906,16598,65510,10,65525,65535,4,726,98,59662,62791,369
300,868,16488,65510,10,65524,65535,4,726,89,59663,62808,370
274,888,16530,65512,8,65525,65535,4,726,101,59646,62820,371
310,926,16458,65512,9,65524,65535,4,726,114,59651,62806,372
336,858,16544,65511,8,65524,65535,4,726,110,59668,62799,373
322,950,16474,65511,10,65524,65535,4,726,112,59647,62803,374
286,908,16554,65511,8,65525,65535,4,726,103,59647,62808,375
294,890,16490,65510,10,65526,65535,4,726,98,59644,62817,376
350,892,16660,65510,9,65525,65535,4,726,106,59645,62820,377
262,878,16526,65510,9,65525,65535,4,726,93,59646,62802,378
384,868,16550,65510,9,65526,65535,4,726,119,59639,62792,379
396,880,16436,65512,8,65524,65535,4,726,106,59653,62804,380
358,980,16544,65512,9,65525,65535,4,726,102,59647,62797,381
342,896,16550,65511,10,65525,65535,4,726,102,59639,62803,382
342,908,16576,65510,9,65525,65535,4,726,94,59657,62812,383
316,906,16606,65512,9,65525,65535,4,726,99,59659,62805,384
322,948,16534,65511,10,65524,65535,4,726,101,59632,62804,385
322,870,16674,65511,10,65526,65535,4,726,101,59630,62802,386
252,932,16506,65512,11,65525,65535,4,726,98,59661,62792,387
308,908,16576,65512,9,65526,65535,4,726,95,59676,62790,388
342,880,16554,65513,9,65523,65535,4,726,97,59664,62805,389
266,892,16524,65512,9,65525,65535,4,726,102,59641,62812,390
326,900,16540,65512,9,65525,65535,4,726,108,59648,62789,391
284,924,16502,65512,10,65524,65535,4,726,86,59674,62787,392
324,908,16430,65510,9,65524,65535,4,726,102,59655,62794,393
284,860,16580,65511,8,65524,65535,4,726,112,59658,62787,394
280,908,16584,65512,10,65525,65535,4,726,114,59665,62780,395
290,896,16544,65511,10,65525,65535,4,726,87,59653,62782,396
348,906,16596,65509,8,65524,65535,4,726,102,59662,62782,397
338,884,16454,65511,10,65525,65535,4,726,120,59669,62784,398
268,990,16482,65511,9,65526,65535,4,726,124,59668,62793,399
322,894,16430,65512,9,65526,65535,4,726,100,59663,62799,400
280,910,16522,65511,9,65523,65535,4,726,88,59660,62791,401
254,956,16562,65512,9,65525,65535,4,726,109,59666,62786,402
310,888,16512,65511,10,65525,65535,4,726,111,59664,62794,403
282,876,16436,65511,10,65525,65535,4,726,116,59675,62783,404
266,892,16568,65512,9,65525,65535,4,726,118,59678,62780,405
316,942,16498,65512,9,65526,65535,4,726,113,59677,62780,406
232,908,16510,65512,8,65524,65535,4,726,96,59677,62760,407
314,908,16618,65510,9,65524,65535,4,726,102,59683,62786,408
302,898,16662,65511,8,65525,65535,4,726,108,59677,62797,409
394,876,16568,65511,9,65526,65535,4,726,123,59666,62768,410
268,884,16472,65512,9,65525,65535,4,726,114,59674,62785,411
268,872,16508,65510,10,65524,65535,4,726,95,59662,62779,412
260,880,16518,65511,8,65525,65535,4,726,96,59665,62788,413
338,890,16532,65511,9,65526,65535,4,726,96,59679,62810,414
332,904,16516,65509,9,65525,65535,4,726,107,59677,62803,415
290,912,16500,65511,9,65524,65535,4,726,105,59674,62790,416
280,888,16562,65510,8,65525,65535,4,726,103,59666,62770,417
340,880,16628,65512,7,65526,65535,4,726,95,59657,62759,418
360,916,16530,65511,9,65525,65535,4,726,97,59656,62788,419
332,890,16534,65510,9,65525,65535,4,726,104,59678,62798,420
320,894,16452,65513,9,65526,65535,4,726,97,59659,62783,421
344,886,16440,65511,9,65525,65535,4,726,90,59666,62784,422
350,924,16516,65512,9,65524,65535,4,726,95,59657,62785,423
304,930,16536,65508,10,65525,65535,4,726,83,59650,62792,424
326,938,16460,65511,8,65525,65535,4,726,90,59646,62781,425
332,918,16640,65512,10,65525,65535,4,726,102,59650,62780,426
330,944,16530,65510,9,65526,65535,4,726,103,59656,62788,427
346,854,16570,65509,9,65524,65535,4,726,103,59644,62787,428
336,890,16488,65511,10,65525,65535,4,726,124,59639,62793,429
296,878,16532,65513,8,65524,65535,4,726,109,59650,62790,430
284,922,16492,65512,9,65523,65535,4,726,100,59662,62797,431
324,886,16594,65512,9,65524,65535,4,726,114,59661,62788,432
318,886,16620,65511,10,65525,65535,4,726,100,59667,62790,433
372,854,16550,65512,9,65525,65535,4,726,100,59656,62804,434
284,884,16448,65510,10,65525,65535,4,726,97,59654,62805,435
302,886,16532,65511,8,65524,65535,4,726,100,59660,62819,436
314,894,16454,65512,9,65525,65535,4,726,110,59661,62824,437
292,926,16510,65511,10,65525,65535,4,726,95,59650,62805,438
306,874,16490,65511,8,65525,65535,4,726,103,59651,62804,439
302,898,16592,65512,10,65525,65535,4,726,107,59662,62818,440
270,972,16456,65512,10,65525,65535,4,726,115,59658,62820,441
334,950,16532,65511,9,65525,65535,4,726,110,59665,62823,442
386,932,16560,65511,10,65524,65535,4,726,96,59649,62813,443
270,942,16498,65511,8,65524,65535,4,726,102,59642,62816,444
268,950,16490,65511,9,65524,65535,4,726,101,59645,62816,445
354,950,16468,65511,10,65524,65535,4,726,114,59644,62814,446
318,898,16538,65511,9,65525,65535,4,726,113,59637,62813,447
330,944,16506,65511,8,65526,65535,4,726,107,59634,62822,448
248,880,16510,65513,11,65526,65535,4,726,95,59631,62803,449
332,930,16526,65512,9,65526,65535,4,726,77,59639,62786,450
332,886,16598,65511,9,65525,65535,4,726,89,59646,62788,451
252,948,16464,65512,10,65525,65535,4,726,105,59665,62800,452
300,922,16552,65512,8,65525,65535,4,726,110,59666,62813,453
302,872,16554,65512,10,65526,65535,4,726,101,59649,62815,454
288,954,16546,65511,9,65526,65535,4,726,91,59638,62811,455
322,878,16540,65510,8,65525,65535,4,726,90,59634,62816,456
366,860,16506,65511,9,65525,65535,4,726,104,59629,62822,457
326,904,16446,65511,9,65525,65535,4,726,102,59634,62829,458
300,904,16618,65510,9,65525,65535,4,726,106,59642,62832,459
296,886,16546,65510,9,65526,65535,4,726,98,59643,62841,460
364,944,16456,65513,9,65524,65535,4,726,107,59649,62835,461
328,886,16528,65511,9,65525,65535,4,726,106,59651,62831,462
346,896,16518,65512,9,65525,65535,4,726,108,59641,62842,463
292,874,16628,65512,8,65526,65535,4,726,109,59622,62835,464
282,966,16482,65510,10,65525,65535,4,726,116,59628,62833,465
324,902,16592,65510,9,65524,65535,4,726,114,59621,62838,466
336,940,16564,65512,9,65525,65535,4,726,104,59635,62836,467
338,924,16532,65512,9,65525,65535,4,726,104,59626,62837,468
328,888,16450,65511,9,65525,65535,4,726,107,59621,62836,469
328,858,16498,65513,10,65524,65535,4,726,104,59614,62831,470
314,908,16532,65512,9,65525,65535,4,726,92,59635,62830,471
260,878,16556,65511,8,65526,65535,4,726,91,59650,62854,472
244,896,16598,65511,9,65525,65535,4,726,90,59634,62841,473
304,980,16590,65510,10,65525,65535,4,726,100,59618,62832,474
306,912,16514,65511,10,65524,65535,4,726,92,59620,62845,475
288,890,16602,65511,9,65524,65535,4,726,97,59623,62837,476
370,932,16604,65512,10,65525,65535,4,726,104,59617,62834,477
272,886,16590,65509,10,65526,65535,4,726,110,59622,62845,478
278,934,16572,65510,9,65526,65535,4,726,88,59615,62847,479
286,906,16650,65510,8,65526,65535,4,726,95,59619,62848,480
326,888,16494,65509,9,65525,65535,4,726,112,59613,62853,481
304,934,16424,65512,9,65524,65535,4,726,111,59616,62861,482
336,916,16588,65511,8,65526,65535,4,726,96,59620,62878,483
376,880,16534,65509,10,65524,65535,4,726,105,59626,62884,484
248,926,16528,65512,8,65526,65535,4,726,106,59621,62863,485
268,892,16576,65512,9,65526,65535,4,726,97,59621,62855,486
310,932,16632,65511,9,65524,65535,4,726,99,59616,62865,487
312,950,16496,65511,9,65524,65535,4,726,107,59623,62864,488
280,888,16468,65510,9,65526,65535,4,726,101,59617,62849,489
252,928,16496,65512,10,65524,65535,4,726,106,59619,62860,490
300,902,16576,65512,10,65525,65535,4,726,108,59627,62860,491
284,874,16476,65510,10,65526,65535,4,726,114,59625,62841,492
312,988,16552,65512,9,65526,65535,4,726,100,59615,62845,493
342,846,16462,65510,9,65525,65535,4,726,99,59615,62861,494
312,898,16504,65510,9,65525,65535,4,726,112,59616,62870,495
330,940,16572,65511,10,65526,65535,4,726,109,59608,62866,496
350,920,16656,65512,10,65525,65535,4,726,99,59619,62854,497
278,908,16420,65511,7,65525,65535,4,726,85,59622,62847,498
272,862,16492,65510,9,65523,65535,4,726,91,59609,62855,499
232,894,16684,65511,9,65525,65535,4,726,110,59622,62857,500
276,932,16578,65511,8,65525,65535,4,726,115,59629,62840,501
314,950,16490,65511,9,65525,65535,4,726,106,59632,62844,502
302,944,16580,65513,7,65526,65535,4,726,95,59645,62848,503
232,902,16494,65511,10,65525,65535,4,726,104,59637,62845,504
280,1004,16482,65510,9,65525,65535,4,726,123,59646,62838,505
212,914,16648,65511,9,65525,65535,4,726,114,59627,62836,506
334,958,16558,65511,11,65524,65535,4,726,101,59637,62847,507
284,846,16508,65510,9,65525,65535,4,726,87,59631,62847,508
284,916,16524,65512,9,65523,65535,4,726,95,59639,62832,509
332,912,16542,65510,9,65525,65535,4,726,87,59638,62858,510
274,894,16488,65511,9,65525,65535,4,726,79,59649,62847,511
332,884,16590,65512,9,65525,65535,4,726,90,59627,62821,512
338,844,16530,65511,10,65524,65535,4,726,120,59619,62823,513
284,886,16458,65512,8,65526,65535,4,726,124,59644,62842,514
292,872,16530,65511,9,65525,65535,4,726,89,59646,62827,515
346,868,16494,65511,9,65525,65535,4,726,89,59632,62834,516
268,924,16442,65512,9,65525,65535,4,726,95,59632,62839,517
340,924,16542,65512,9,65524,65535,4,726,90,59624,62834,518
342,892,16570,65512,10,65524,65535,4,726,87,59625,62823,519
312,886,16484,65512,10,65524,65535,4,726,97,59637,62845,520
290,908,16610,65512,8,65524,65535,4,726,103,59625,62854,521
256,910,16474,65510,9,65524,65535,4,726,95,59631,62861,522
370,926,16600,65512,8,65524,65535,4,726,91,59627,62848,523
326,906,16558,65512,8,65525,65535,4,726,106,59625,62843,524
354,900,16550,65510,9,65525,65535,4,726,123,59649,62865,525
258,852,16506,65512,8,65525,65535,4,726,113,59636,62865,526
322,854,16682,65511,11,65525,65535,4,726,98,59622,62853,527
372,896,16492,65512,8,65525,65535,4,726,96,59617,62859,528
296,938,16508,65512,9,65525,65535,4,726,91,59618,62858,529
298,886,16548,65511,9,65525,65535,4,726,78,59623,62852,530
290,900,16532,65512,9,65526,65535,4,726,85,59615,62859,531
298,884,16510,65512,9,65526,65535,4,726,84,59617,62859,532
346,858,16486,65510,8,65524,65535,4,726,90,59615,62869,533
278,956,16502,65510,8,65525,65535,4,726,110,59625,62867,534
312,946,16538,65511,9,65525,65535,4,726,98,59614,62865,535
310,942,16562,65512,9,65525,65535,4,726,98,59616,62870,536
304,1000,16484,65511,8,65526,65535,4,726,109,59616,62877,537
300,876,16474,65511,9,65525,65535,4,726,110,59610,62871,538
328,884,16492,65511,9,65526,65535,4,726,107,59586,62863,539
292,848,16582,65512,8,65524,65535,4,726,98,59599,62879,540
242,880,16556,65511,9,65524,65535,4,726,97,59601,62890,541
328,882,16578,65510,8,65524,65535,4,726,96,59581,62885,542
334,904,16532,65512,10,65526,65535,4,726,106,59583,62873,543
296,964,16534,65511,11,65526,65535,4,726,112,59599,62885,544
272,948,16502,65511,9,65525,65535,4,726,96,59588,62880,545
308,852,16490,65510,9,65525,65535,4,726,75,59583,62900,546
310,926,16534,65510,10,65525,65535,4,726,89,59591,62890,547
330,986,16586,65511,8,65525,65535,4,726,116,59591,62882,548
272,884,16524,65511,9,65524,65535,4,726,111,59581,62897,549
326,958,16510,65510,9,65526,65535,4,726,98,59578,62915,550
294,938,16618,65512,8,65525,65535,4,726,94,59580,62916,551
322,890,16506,65511,10,65524,65535,4,726,95,59579,62897,552
298,910,16578,65510,9,65525,65535,4,726,99,59577,62910,553
364,886,16616,65512,9,65526,65535,4,726,104,59581,62900,554
344,886,16416,65512,11,65523,65535,4,726,112,59584,62911,555
326,890,16502,65510,9,65524,65535,4,726,96,59582,62903,556
292,878,16576,65512,9,65526,65535,4,726,93,59581,62884,557
310,922,16570,65512,9,65524,65535,4,726,101,59584,62922,558
290,882,16528,65512,10,65525,65535,4,726,109,59565,62916,559
284,900,16654,65511,10,65525,65535,4,726,107,59578,62915,560
368,882,16558,65513,9,65525,65535,4,726,100,59581,62934,561
302,940,16548,65511,8,65525,65535,4,726,117,59588,62938,562
318,936,16474,65511,9,65526,65535,4,726,102,59576,62922,563
306,906,16542,65512,9,65525,65535,4,726,105,59579,62921,564
258,862,16540,65513,9,65524,65535,4,726,110,59576,62923,565
348,872,16540,65511,9,65526,65535,4,726,104,59571,62934,566
344,920,16564,65509,10,65526,65535,4,726,117,59587,62938,567
342,930,16528,65510,9,65525,65535,4,726,108,59578,62937,568
306,896,16546,65512,10,65525,65535,4,726,108,59553,62924,569
296,910,16572,65512,9,65525,65535,4,726,120,59578,62915,570
314,910,16486,65509,10,65524,65535,4,726,116,59574,62916,571
330,892,16514,65511,8,65524,65535,4,726,119,59574,62916,572
318,962,16536,65512,9,65524,65535,4,726,125,59563,62919,573
288,948,16536,65511,9,65525,65535,4,726,124,59580,62935,574
266,904,16444,65511,9,65524,65535,4,726,111,59585,62934,575
370,874,16522,65511,9,65525,65535,4,726,105,59585,62927,576
360,854,16568,65513,9,65526,65535,4,726,102,59572,62933,577
312,922,16562,65510,9,65525,65535,4,726,108,59579,62939,578
306,888,16590,65510,10,65524,65535,4,726,104,59586,62924,579
296,842,16598,65512,9,65523,65535,4,726,102,59566,62936,580
278,908,16520,65511,10,65524,65535,4,726,98,59571,62938,581
310,870,16564,65511,8,65525,65535,4,726,100,59560,62931,582
328,900,16568,65512,9,65524,65535,4,726,106,59562,62937,583
284,914,16560,65511,9,65525,65535,4,726,112,59549,62931,584
254,882,16486,65512,8,65526,65535,4,726,99,59565,62935,585
266,920,16450,65511,9,65525,65535,4,726,109,59579,62925,586
318,906,16592,65510,8,65525,65535,4,726,128,59595,62940,587
302,960,16566,65512,8,65525,65535,4,726,112,59580,62951,588
322,914,16522,65512,7,65525,65535,4,726,106,59577,62936,589
320,872,16536,65511,8,65524,65535,4,726,115,59577,62946,590
278,830,16516,65512,10,65525,65535,4,726,114,59565,62954,591
326,924,16542,65511,9,65525,65535,4,726,92,59558,62956,592
330,928,16468,65512,10,65525,65535,4,726,86,59573,62946,593
356,926,16504,65511,9,65524,65535,4,726,102,59587,62936,594
316,872,16498,65512,10,65526,65535,4,726,106,59574,62942,595
258,928,16548,65511,8,65526,65535,4,726,101,59570,62935,596
300,860,16578,65512,8,65526,65535,4,726,109,59550,62929,597
268,918,16524,65511,7,65526,65535,4,727,107,59552,62948,598
288,882,16482,65512,9,65524,65535,4,727,103,59553,62956,599
322,902,16544,65510,9,65526,65535,4,727,110,59555,62945,600
298,846,16554,65511,9,65525,65535,4,727,105,59575,62963,601
256,882,16450,65513,10,65524,65535,4,727,115,59568,62971,602
316,950,16476,65512,9,65526,65535,4,727,99,59552,62959,603
322,876,16526,65511,10,65524,65535,4,727,97,59555,62954,604
346,900,16474,65512,8,65524,65535,4,727,99,59551,62950,605
312,892,16582,65510,9,65524,65535,4,727,113,59549,62953,606
378,914,16558,65512,9,65525,65535,4,726,119,59555,62958,607
236,908,16430,65513,8,65526,65535,4,726,112,59570,62959,608
332,896,16510,65511,10,65525,65535,4,726,122,59564,62958,609
330,872,16516,65511,9,65526,65535,4,726,105,59557,62977,610
288,900,16592,65511,9,65526,65535,4,726,109,59558,62970,611
338,926,16526,65512,8,65525,65535,4,726,108,59566,62957,612
300,896,16504,65513,9,65525,65535,4,726,104,59584,62958,613
348,886,16432,65512,10,65523,65535,4,726,92,59584,62941,614
256,904,16562,65512,9,65525,65535,4,726,106,59576,62951,615
276,880,16510,65511,9,65525,65535,4,726,116,59575,62956,616
314,888,16554,65512,9,65525,65535,4,726,109,59567,62952,617
306,886,16558,65511,9,65525,65535,4,726,110,59563,62958,618
312,886,16536,65511,8,65525,65535,4,726,109,59574,62969,619
326,848,16488,65510,9,65524,65535,4,726,109,59564,62959,620
294,874,16512,65512,7,65524,65535,4,726,94,59551,62947,621
294,884,16612,65510,9,65525,65535,4,726,105,59565,62959,622
280,926,16578,65514,9,65524,65535,4,726,109,59571,62961,623
256,918,16452,65513,9,65524,65535,4,726,97,59567,62961,624
328,896,16512,65512,8,65526,65535,4,726,104,59559,62962,625
300,886,16614,65511,9,65524,65535,4,726,98,59557,62949,626
302,920,16544,65512,10,65526,65535,4,726,107,59566,62936,627
312,912,16456,65509,9,65525,65535,4,726,104,59543,62949,628
280,940,16586,65512,9,65524,65535,4,726,95,59546,62959,629
302,1010,16506,65512,10,65525,65535,4,726,99,59555,62961,630
284,906,16510,65511,9,65525,65535,4,726,107,59566,62964,631
340,934,16486,65511,7,65527,65535,4,726,98,59563,62953,632
342,942,16560,65512,10,65526,65535,4,726,98,59556,62957,633
284,918,16514,65512,9,65525,65535,4,726,86,59542,62955,634
296,838,16526,65512,8,65524,65535,4,726,83,59547,62968,635
288,892,16550,65512,10,65524,65535,4,727,107,59564,62980,636
338,894,16558,65513,8,65524,65535,4,726,114,59577,62980,637
336,900,16474,65510,9,65525,65535,4,727,116,59568,62965,638
268,934,16528,65510,10,65526,65535,4,727,109,59571,62965,639
300,956,16488,65512,9,65526,65535,4,727,102,59551,62970,640
250,916,16460,65511,8,65524,65535,4,727,107,59551,62971,641
260,964,16540,65512,9,65525,65535,4,727,95,59559,62952,642
326,932,16564,65511,9,65524,65535,4,727,111,59567,62953,643
354,902,16590,65513,10,65525,65535,4,727,86,59570,62968,644
310,870,16474,65511,9,65524,65535,4,727,94,59573,62991,645
278,884,16570,65511,10,65526,65535,4,727,125,59554,62991,646
264,892,16518,65511,8,65525,65535,4,727,111,59537,62974,647
320,900,16508,65511,8,65525,65535,4,727,101,59553,62964,648
254,906,16738,65511,8,65525,65535,4,727,118,59550,62974,649
294,852,16542,65511,10,65525,65535,4,727,114,59553,63009,650
294,912,16428,65511,7,65524,65535,4,727,114,59548,62989,651
276,878,16538,65510,10,65526,65535,4,727,108,59551,62965,652
334,854,16504,65512,7,65525,65535,4,727,107,59553,62982,653
264,928,16552,65510,10,65524,65535,4,727,116,59551,62988,654
338,876,16584,65511,9,65525,65535,4,727,116,59561,62989,655
358,886,16558,65511,9,65523,65535,4,727,104,59548,62977,656
362,856,16448,65510,9,65526,65535,4,727,104,59544,62974,657
326,922,16514,65511,9,65526,65535,4,727,103,59544,62997,658
294,918,16576,65511,8,65525,65535,4,727,96,59540,62993,659
312,938,16550,65512,9,65525,65535,4,727,101,59546,63010,660
376,876,16484,65510,8,65525,65535,4,727,118,59534,62996,661
332,912,16528,65511,9,65524,65535,4,727,123,59546,62996,662
284,894,16540,65512,9,65526,65535,4,727,117,59544,63004,663
310,944,16494,65512,9,65525,65535,4,727,127,59550,62996,664
318,916,16508,65511,10,65525,65535,4,727,124,59549,62995,665
404,892,16558,65511,10,65525,65535,4,727,111,59543,62996,666
326,932,16524,65511,9,65527,65535,4,727,95,59542,63005,667
324,898,16492,65512,10,65525,65535,4,727,105,59556,63004,668
252,902,16474,65512,9,65526,65535,4,727,108,59548,62970,669
276,890,16414,65512,10,65524,65535,4,727,104,59551,62973,670
238,918,16522,65512,8,65523,65535,4,727,102,59563,63003,671
286,934,16476,65512,10,65525,65535,4,727,119,59548,63009,672
328,886,16636,65510,9,65525,65535,4,727,98,59537,62984,673
306,908,16520,65510,9,65525,65535,4,727,91,59546,62973,674
292,924,16496,65511,9,65526,65535,4,727,110,59557,62974,675
360,872,16574,65511,9,65527,65535,4,727,119,59544,63003,676
368,928,16536,65512,10,65524,65535,4,727,101,59545,62995,677
300,888,16542,65511,9,65526,65535,4,727,101,59559,62981,678
288,950,16446,65510,10,65525,65535,4,727,94,59563,62992,679
326,912,16672,65510,9,65524,65535,4,727,117,59545,62985,680
294,890,16504,65511,9,65526,65535,4,727,129,59551,62989,681
288,910,16536,65510,9,65525,65535,4,727,128,59549,63000,682
276,844,16562,65512,9,65524,65535,4,727,116,59545,63009,683
264,906,16528,65512,9,65526,65535,4,727,118,59540,63001,684
292,956,16528,65513,10,65526,65535,4,727,110,59542,63004,685
328,880,16424,65512,10,65526,65535,4,727,107,59533,63002,686
312,942,16558,65513,9,65525,65535,4,727,128,59539,63022,687
288,932,16532,65512,10,65525,65535,4,727,119,59546,62997,688
330,906,16628,65512,11,65525,65535,4,727,95,59534,63000,689
312,902,16556,65511,10,65525,65535,4,727,101,59539,63009,690
342,920,16486,65511,8,65524,65535,4,727,96,59540,62988,691
320,894,16404,65512,8,65524,65535,4,727,106,59537,62991,692
336,892,16536,65511,9,65524,65535,4,727,121,59540,63016,693
334,896,16596,65510,11,65526,65535,4,727,121,59553,63009,694
296,914,16496,65512,8,65525,65535,4,727,119,59550,63010,695
270,924,16534,65511,9,65525,65535,4,727,108,59548,63005,696
354,888,16518,65511,9,65525,65535,4,727,104,59557,63014,697
322,874,16508,65512,10,65526,65535,4,727,121,59560,63001,698
266,918,16492,65511,9,65527,65535,4,727,117,59551,62994,699
316,954,16558,65510,9,65526,65535,4,727,110,59541,63001,700
310,920,16464,65514,9,65524,65535,4,727,112,59554,63001,701
342,922,16494,65511,10,65524,65535,4,727,109,59540,62988,702
324,900,16460,65511,8,65525,65535,4,727,114,59534,62989,703
332,904,16488,65512,9,65524,65535,4,727,118,59552,63012,704
310,914,16510,65512,8,65525,65535,4,727,102,59538,63005,705
302,892,16558,65512,9,65525,65535,4,727,99,59544,62994,706
356,944,16524,65512,9,65525,65535,4,727,109,59544,63006,707
370,904,16494,65510,9,65524,65535,4,727,110,59542,63002,708
252,894,16534,65512,9,65525,65535,4,727,120,59549,62999,709
290,852,16464,65511,8,65525,65535,4,727,122,59542,62986,710
348,872,16478,65512,9,65524,65535,4,727,125,59544,62999,711
352,962,16474,65512,10,65526,65535,4,727,111,59550,62996,712
336,898,16596,65511,10,65525,65535,4,727,100,59544,62990,713
348,904,16592,65512,10,65526,65535,4,727,104,59545,62997,714
354,882,16478,65512,10,65526,65535,4,727,107,59541,63010,715
328,928,16566,65511,9,65525,65535,4,727,102,59535,63007,716
268,902,16506,65513,10,65525,65535,4,727,111,59553,62994,717
286,876,16542,65512,9,65525,65535,4,727,114,59551,62994,718
314,896,16500,65512,8,65524,65535,4,727,119,59543,62996,719
348,910,16522,65510,9,65526,65535,4,727,129,59541,62993,720
264,998,16644,65512,9,65525,65535,4,727,116,59545,63007,721
294,880,16470,65511,9,65525,65535,4,727,108,59542,62997,722
284,894,16552,65511,8,65525,65535,4,727,112,59552,62990,723
308,882,16604,65512,9,65525,65535,4,727,116,59540,63000,724
320,902,16588,65512,9,65524,65535,4,727,133,59537,63017,725
250,914,16586,65512,10,65524,65535,4,727,122,59551,63008,726
312,914,16534,65512,9,65523,65535,4,727,127,59547,63004,727
278,878,16526,65510,8,65524,65535,4,727,121,59545,63016,728
364,854,16602,65511,10,65526,65535,4,727,114,59556,63021,729
282,956,16512,65511,9,65525,65535,4,727,99,59557,63011,730
322,894,16554,65511,9,65525,65535,4,727,98,59540,63007,731
242,870,16520,65512,8,65524,65535,4,727,113,59537,62987,732
234,876,16476,65510,9,65525,65535,4,727,106,59563,62983,733
244,848,16474,65509,9,65524,65535,4,727,114,59549,62993,734
312,932,16548,65511,9,65525,65535,4,727,103,59537,63012,735
318,904,16556,65513,10,65525,65535,4,727,120,59552,62994,736
334,904,16544,65510,8,65525,65535,4,727,113,59553,63001,737
334,870,16584,65511,9,65525,65535,4,727,102,59558,63002,738
352,882,16496,65512,9,65525,65535,4,727,116,59555,62987,739
322,924,16434,65511,9,65525,65535,4,727,111,59539,63008,740
300,906,16536,65510,10,65525,65535,4,727,106,59548,63003,741
312,898,16438,65511,9,65525,65535,4,727,107,59543,63003,742
316,886,16666,65511,9,65525,65535,4,727,107,59544,62990,743
300,884,16466,65511,9,65524,65535,4,727,115,59551,62978,744
302,980,16656,65511,10,65526,65535,4,727,119,59542,62968,745
210,920,16510,65512,9,65525,65535,4,727,105,59546,62987,746
344,930,16558,65511,10,65526,65535,4,727,90,59561,62992,747
312,940,16584,65512,9,65524,65535,4,727,107,59554,62986,748
400,924,16608,65513,9,65525,65535,4,727,119,59570,62977,749
284,928,16570,65509,9,65525,65535,4,727,115,59586,62995,750
342,914,16502,65510,9,65525,65535,4,727,123,59569,62995,751
298,830,16474,65511,9,65524,65535,4,727,116,59555,62978,752
336,884,16474,65512,10,65525,65535,4,727,119,59560,62976,753
366,934,16512,65512,8,65526,65535,4,727,108,59569,62979,754
314,920,16622,65510,9,65527,65535,4,727,102,59580,62987,755
330,888,16494,65512,7,65524,65535,4,727,93,59573,62991,756
340,912,16478,65512,10,65524,65535,4,727,109,59573,62999,757
266,872,16494,65511,9,65524,65535,4,727,118,59573,62987,758
342,902,16560,65512,9,65524,65535,4,727,112,59552,62977,759
320,882,16526,65512,8,65526,65535,4,727,113,59555,62978,760
324,920,16466,65511,9,65525,65535,4,727,113,59573,62983,761
366,900,16604,65510,10,65525,65535,4,727,125,59572,62975,762
302,882,16576,65511,12,65525,65535,4,727,119,59551,62962,763
340,938,16514,65512,8,65525,65535,4,727,101,59556,62956,764
306,944,16446,65512,9,65525,65535,4,727,120,59577,62965,765
298,880,16598,65511,8,65525,65535,4,727,116,59577,62974,766
304,916,16658,65511,8,65524,65535,4,727,104,59576,62967,767
346,894,16516,65512,10,65525,65535,4,727,91,59589,62973,768
296,882,16550,65511,10,65523,65535,4,727,97,59592,62965,769
338,962,16506,65512,9,65525,65535,4,727,119,59587,62958,770
284,912,16516,65512,9,65524,65535,4,727,111,59583,62960,771
282,936,16472,65510,9,65526,65535,4,727,110,59566,62955,772
288,894,16654,65511,9,65525,65535,4,727,108,59570,62964,773
318,926,16494,65511,9,65524,65535,4,727,100,59564,62972,774
326,1000,16442,65510,8,65525,65535,4,727,102,59571,62961,775
280,960,16520,65511,9,65524,65535,4,727,92,59576,62948,776
330,904,16420,65512,10,65524,65535,4,727,93,59579,62968,777
372,950,16536,65512,9,65524,65535,4,727,101,59583,62967,778
308,880,16478,65510,8,65525,65535,4,727,95,59581,62951,779
298,906,16552,65512,10,65525,65535,4,727,98,59566,62953,780
282,904,16568,65512,11,65525,65535,4,727,98,59589,62955,781
276,948,16414,65511,10,65525,65535,4,727,112,59598,62951,782
318,934,16504,65510,9,65525,65535,4,727,111,59587,62947,783
342,876,16526,65511,10,65525,65535,4,727,108,59583,62941,784
314,964,16514,65512,9,65524,65535,4,727,114,59576,62927,785
300,952,16444,65510,10,65525,65535,4,727,111,59589,62940,786
292,888,16572,65512,10,65526,65535,4,727,93,59594,62944,787
362,914,16546,65512,10,65527,65535,4,727,103,59588,62949,788
318,850,16568,65511,9,65525,65535,4,727,111,59587,62925,789
306,898,16524,65511,8,65525,65535,4,727,115,59593,62923,790
286,918,16562,65512,7,65526,65535,4,727,110,59580,62914,791
230,878,16562,65511,11,65524,65535,4,727,99,59585,62922,792
340,932,16508,65511,10,65525,65535,4,727,113,59617,62930,793
296,906,16594,65512,9,65524,65535,4,727,117,59604,62931,794
326,902,16488,65514,9,65525,65535,4,727,117,59600,62931,795
304,880,16478,65511,10,65525,65535,4,727,95,59594,62912,796
238,934,16492,65511,9,65525,65535,4,727,103,59589,62921,797
328,884,16530,65511,9,65524,65535,4,727,110,59595,62913,798
304,872,16472,65512,9,65525,65535,4,727,110,59623,62913,799
276,912,16562,65511,9,65525,65535,4,727,106,59599,62931,800
356,930,16536,65512,9,65525,65535,4,727,98,59582,62923,801
290,914,16610,65509,9,65525,65535,4,727,100,59587,62923,802
314,944,16416,65511,11,65524,65535,4,727,103,59592,62940,803
272,964,16608,65511,9,65526,65535,4,727,104,59615,62929,804
238,846,16562,65512,9,65524,65535,4,727,89,59599,62911,805
314,938,16432,65511,9,65525,65535,4,727,101,59587,62918,806
290,872,16482,65511,10,65525,65535,4,727,109,59595,62900,807
288,918,16586,65512,9,65525,65535,4,727,110,59605,62907,808
226,886,16498,65510,8,65524,65535,4,727,112,59612,62926,809
238,924,16560,65510,9,65525,65535,4,727,118,59608,62915,810
366,880,16588,65513,8,65526,65535,4,727,123,59605,62905,811
310,938,16534,65512,7,65525,65535,4,727,111,59593,62907,812
376,896,16434,65511,10,65525,65535,4,727,90,59591,62917,813
262,904,16566,65511,9,65525,65535,4,727,97,59601,62902,814
330,858,16552,65513,10,65524,65535,4,727,94,59612,62879,815
260,972,16554,65509,9,65526,65535,4,727,100,59609,62897,816
318,896,16554,65512,9,65525,65535,4,727,107,59602,62908,817
342,836,16522,65511,9,65525,65535,4,727,121,59608,62903,818
316,916,16556,65512,9,65524,65535,4,727,128,59599,62903,819
380,948,16494,65510,10,65526,65535,4,727,114,59597,62915,820
270,892,16532,65514,10,65526,65535,4,727,94,59619,62908,821
268,880,16588,65511,10,65523,65535,4,727,96,59619,62889,822
334,950,16410,65511,9,65526,65535,4,727,102,59602,62899,823
358,914,16526,65513,9,65524,65535,4,727,91,59610,62903,824
314,864,16556,65512,8,65526,65535,4,727,93,59606,62891,825
342,938,16446,65512,9,65525,65535,4,727,90,59601,62902,826
336,878,16556,65512,9,65524,65535,4,727,119,59601,62893,827
318,936,16454,65512,10,65524,65535,4,727,118,59608,62881,828
346,858,16496,65510,7,65525,65535,4,727,94,59614,62885,829
288,862,16534,65510,9,65526,65535,4,727,87,59610,62887,830
262,914,16518,65509,9,65524,65535,4,727,90,59601,62870,831
270,908,16388,65511,9,65524,65535,4,727,104,59621,62869,832
290,908,16500,65509,9,65526,65535,4,727,95,59609,62863,833
306,876,16490,65511,7,65525,65535,4,727,97,59622,62879,834
304,888,16608,65511,10,65524,65535,4,727,112,59619,62877,835
374,932,16502,65513,9,65524,65535,4,727,102,59607,62863,836
256,904,16592,65511,9,65524,65535,4,727,102,59617,62863,837
294,984,16542,65511,9,65526,65535,4,727,104,59626,62851,838
318,880,16590,65511,8,65526,65535,4,727,97,59624,62863,839
320,926,16518,65512,9,65525,65535,4,727,104,59616,62875,840
262,936,16518,65512,7,65526,65535,4,727,118,59621,62877,841
308,880,16594,65511,9,65525,65535,4,727,116,59618,62880,842
316,868,16548,65512,10,65524,65535,4,727,101,59628,62865,843
326,838,16470,65512,7,65525,65535,4,727,101,59599,62860,844
278,912,16568,65512,10,65525,65535,4,727,104,59607,62850,845
318,892,16576,65512,10,65525,65535,4,727,108,59634,62870,846
342,890,16548,65511,8,65524,65535,4,727,103,59625,62875,847
282,904,16548,65511,10,65524,65535,4,727,106,59611,62858,848
268,906,16530,65511,10,65525,65535,4,727,101,59622,62846,849
278,866,16404,65510,9,65526,65535,4,727,109,59644,62860,850
326,942,16576,65510,8,65525,65535,4,727,120,59656,62856,851
366,870,16604,65511,8,65525,65535,4,727,108,59637,62855,852
352,918,16486,65512,9,65525,65535,4,727,102,59617,62857,853
252,924,16498,65512,10,65524,65535,4,727,101,59618,62849,854
304,970,16624,65510,8,65524,65535,4,727,94,59634,62856,855
356,920,16562,65512,9,65524,65535,4,727,94,59635,62845,856
326,928,16490,65511,10,65526,65535,4,727,88,59629,62835,857
320,890,16508,65511,10,65525,65535,4,727,90,59631,62828,858
364,862,16614,65511,9,65524,65535,4,727,103,59639,62835,859
346,858,16546,65511,8,65526,65535,4,727,101,59641,62838,860
264,898,16590,65511,8,65525,65535,4,727,94,59642,62829,861
388,890,16592,65510,9,65526,65535,4,727,100,59629,62830,862
290,902,16476,65510,8,65524,65535,4,727,102,59628,62838,863
250,932,16424,65511,8,65525,65535,4,727,86,59636,62815,864
316,894,16558,65511,8,65526,65535,4,727,99,59629,62814,865
346,910,16574,65512,9,65526,65535,4,727,111,59626,62820,866
260,874,16434,65510,9,65525,65535,4,727,98,59645,62815,867
288,872,16564,65510,10,65524,65535,4,727,95,59638,62813,868
300,936,16538,65512,9,65525,65535,4,727,90,59643,62804,869
338,928,16452,65512,10,65525,65535,4,727,95,59647,62803,870
310,906,16608,65512,9,65525,65535,4,727,105,59649,62813,871
330,890,16652,65511,9,65525,65535,4,727,95,59653,62825,872
270,850,16672,65510,9,65525,65535,4,727,105,59648,62833,873
292,966,16514,65512,9,65524,65535,4,727,93,59639,62825,874
332,928,16484,65511,10,65524,65535,4,727,98,59640,62815,875
328,922,16474,65511,10,65525,65535,4,727,113,59643,62810,876
244,924,16500,65510,10,65525,65535,4,727,102,59631,62815,877
272,934,16464,65509,8,65525,65535,4,727,97,59637,62829,878
278,926,16542,65511,10,65525,65535,4,727,98,59642,62826,879
348,870,16586,65511,10,65525,65535,4,727,102,59669,62815,880
258,914,16536,65512,9,65525,65535,4,727,111,59656,62831,881
258,952,16588,65511,9,65526,65535,4,727,115,59654,62827,882
330,894,16568,65511,9,65525,65535,4,727,91,59642,62807,883
306,916,16466,65512,9,65525,65535,4,727,96,59647,62787,884
368,852,16568,65511,10,65526,65535,4,727,108,59663,62785,885
246,916,16544,65510,9,65525,65535,4,727,124,59675,62811,886
282,908,16494,65513,9,65524,65535,4,727,113,59656,62805,887
302,910,16528,65510,9,65526,65535,4,727,110,59649,62790,888
298,940,16568,65511,11,65525,65535,4,727,95,59656,62780,889
296,912,16570,65510,10,65525,65535,4,727,97,59663,62772,890
322,944,16470,65511,9,65525,65535,4,727,108,59668,62772,891
320,852,16558,65511,10,65525,65535,4,727,97,59669,62779,892
348,922,16550,65510,9,65524,65535,4,727,97,59669,62776,893
332,952,16436,65510,8,65525,65535,4,727,93,59651,62776,894
320,886,16466,65511,9,65526,65535,4,727,102,59657,62777,895
270,936,16478,65511,9,65526,65535,4,727,104,59664,62773,896
316,940,16534,65511,9,65526,65535,4,727,75,59674,62756,897
316,872,16544,65512,9,65525,65535,4,727,90,59670,62749,898
276,932,16532,65512,9,65525,65535,4,727,114,59682,62768,899
322,914,16650,65511,9,65525,65535,4,727,99,59681,62775,900
266,886,16536,65510,9,65525,65535,4,727,97,59665,62759,901
282,878,16416,65510,9,65524,65535,4,727,103,59673,62755,902
378,904,16494,65510,10,65525,65535,4,727,114,59678,62751,903
360,920,16534,65511,9,65525,65535,4,727,112,59668,62766,904
290,860,16392,65512,9,65525,65535,4,727,93,59680,62766,905
264,862,16536,65510,9,65525,65535,4,727,91,59675,62767,906
278,942,16552,65511,9,65524,65535,4,727,96,59692,62782,907
296,910,16610,65513,9,65524,65535,4,727,108,59684,62753,908
294,900,16456,65511,9,65525,65535,4,727,95,59683,62742,909
272,900,16482,65511,10,65524,65535,4,727,84,59688,62746,910
274,882,16534,65511,9,65524,65535,4,727,96,59682,62742,911
304,894,16576,65512,9,65525,65535,4,727,108,59668,62761,912
294,886,16502,65510,8,65525,65535,4,727,94,59677,62764,913
348,922,16586,65510,8,65525,65535,4,727,94,59682,62752,914
326,902,16578,65512,9,65525,65535,4,727,92,59678,62736,915
342,926,16482,65511,8,65524,65535,4,727,84,59688,62736,916
328,902,16566,65510,9,65524,65535,4,727,92,59687,62735,917
292,940,16558,65513,10,65525,65535,4,727,112,59697,62737,918
312,852,16472,65511,8,65525,65535,4,727,119,59682,62725,919
380,900,16486,65512,9,65525,65535,4,727,107,59691,62723,920
308,966,16650,65512,9,65524,65535,4,727,88,59682,62738,921
324,914,16474,65511,10,65526,65535,4,727,92,59682,62746,922
308,898,16522,65511,8,65525,65535,4,727,94,59682,62733,923
302,908,16552,65511,10,65525,65535,4,727,115,59677,62735,924
318,862,16550,65513,7,65525,65535,4,727,91,59677,62743,925
344,904,16546,65511,10,65525,65535,4,727,87,59687,62731,926
322,916,16572,65510,10,65525,65535,4,727,96,59677,62723,927
328,920,16536,65510,10,65526,65535,4,727,92,59680,62721,928
312,872,16568,65512,10,65524,65535,4,727,94,59676,62737,929
332,886,16398,65512,8,65525,65535,4,727,100,59680,62734,930
336,876,16588,65511,8,65526,65535,4,727,94,59680,62736,931
298,908,16526,65510,9,65526,65535,4,727,101,59674,62736,932
344,912,16466,65513,9,65524,65535,4,727,107,59680,62745,933
286,880,16526,65511,8,65525,65535,4,727,96,59692,62740,934
334,934,16520,65511,11,65525,65535,4,727,93,59682,62725,935
316,892,16540,65511,9,65525,65535,4,727,92,59673,62739,936
280,852,16422,65512,8,65524,65535,4,727,90,59676,62738,937
292,902,16448,65511,10,65524,65535,4,727,91,59678,62747,938
316,908,16550,65510,9,65526,65535,4,727,99,59686,62758,939
336,936,16510,65510,8,65525,65535,4,727,95,59699,62746,940
300,942,16452,65510,8,65525,65535,4,727,107,59690,62740,941
314,888,16668,65511,10,65525,65535,4,727,115,59691,62748,942
334,870,16572,65511,9,65524,65535,4,727,99,59677,62744,943
220,952,16398,65511,8,65525,65535,4,727,101,59661,62740,944
326,872,16570,65513,9,65525,65535,4,727,94,59675,62745,945
306,906,16518,65511,9,65525,65535,4,727,93,59690,62747,946
288,900,16482,65510,8,65525,65535,4,727,94,59701,62754,947
310,882,16500,65511,9,65526,65535,4,727,108,59681,62750,948
294,856,16686,65512,8,65525,65535,4,727,100,59682,62740,949
348,890,16502,65512,10,65526,65535,4,727,98,59675,62742,950
384,926,16500,65510,8,65525,65535,4,727,104,59679,62751,951
302,908,16508,65512,9,65523,65535,4,727,113,59678,62742,952
316,830,16456,65513,8,65525,65535,4,727,111,59672,62731,953
290,916,16538,65512,9,65525,65535,4,727,102,59685,62741,954
294,918,16554,65512,8,65524,65535,4,727,109,59690,62750,955
282,908,16512,65511,8,65525,65535,4,727,90,59674,62758,956
316,894,16474,65511,10,65526,65535,4,727,91,59683,62757,957
328,922,16624,65511,9,65525,65535,4,727,109,59673,62749,958
272,922,16518,65511,8,65525,65535,4,727,122,59672,62751,959
274,892,16546,65512,10,65524,65535,4,727,121,59667,62756,960
342,970,16612,65510,9,65523,65535,4,727,111,59672,62768,961
236,814,16608,65512,9,65524,65535,4,727,86,59667,62767,962
266,916,16592,65510,9,65525,65535,4,727,102,59662,62769,963
254,936,16460,65510,9,65524,65535,4,727,119,59659,62778,964
284,924,16546,65511,11,65525,65535,4,727,108,59651,62771,965
318,844,16574,65512,8,65524,65535,4,727,100,59666,62767,966
282,944,16586,65510,9,65525,65535,4,727,102,59659,62773,967
324,850,16534,65511,9,65526,65535,4,727,101,59657,62776,968
284,870,16646,65512,9,65524,65535,4,727,85,59663,62782,969
334,914,16468,65511,10,65524,65535,4,727,86,59668,62762,970
322,944,16416,65511,8,65526,65535,4,727,99,59672,62768,971
296,926,16556,65511,8,65524,65535,4,727,97,59671,62789,972
326,914,16516,65511,8,65525,65535,4,727,96,59664,62789,973
282,906,16514,65511,9,65525,65535,4,727,103,59669,62786,974
304,874,16488,65510,10,65525,65535,4,727,96,59660,62792,975
362,882,16606,65512,9,65524,65535,4,727,100,59663,62792,976
252,900,16492,65511,10,65525,65535,4,727,113,59669,62798,977
306,910,16496,65512,10,65525,65535,4,727,100,59673,62793,978
336,886,16572,65511,9,65525,65535,4,727,108,59672,62793,979
286,858,16494,65511,9,65525,65535,4,727,89,59651,62769,980
318,870,16458,65512,9,65525,65535,4,727,97,59663,62778,981
364,926,16518,65509,9,65524,65535,4,727,105,59664,62789,982
288,910,16556,65511,10,65526,65535,4,727,101,59654,62786,983
302,900,16542,65511,8,65526,65535,4,727,97,59656,62782,984
306,880,16572,65510,10,65524,65535,4,727,99,59652,62781,985
282,868,16540,65512,9,65525,65535,4,727,102,59642,62792,986
310,918,16630,65511,8,65525,65535,4,727,106,59658,62790,987
330,858,16432,65511,9,65524,65535,4,727,99,59679,62764,988
292,870,16572,65512,9,65524,65535,4,727,106,59697,62782,989
300,860,16568,65512,9,65524,65535,4,727,112,59664,62769,990
306,886,16512,65511,10,65525,65535,4,727,98,59658,62760,991
324,920,16528,65511,9,65526,65535,4,727,95,59672,62766,992
296,924,16574,65511,9,65525,65535,4,727,98,59677,62766,993
312,874,16422,65511,9,65525,65535,4,727,99,59686,62776,994
254,910,16596,65511,9,65525,65535,4,727,88,59664,62772,995
270,970,16498,65511,9,65526,65535,4,727,87,59666,62775,996
274,930,16534,65512,9,65525,65535,4,727,94,59672,62786,997
324,916,16482,65511,9,65524,65535,4,727,106,59698,62767,998
348,946,16584,65511,9,65525,65535,4,727,108,59694,62761,999
308,884,16604,65511,9,65526,65535,4,727,109,59689,62784,1000
