330,994,16516,65510,9,65526,0,2,712,103,59541,62958,1
416,960,16656,65513,9,65525,0,2,712,107,59542,62986,2
308,936,16548,65511,9,65524,0,2,712,102,59538,62990,3
332,908,16654,65511,8,65525,0,2,712,94,59537,62988,4
400,936,16438,65512,9,65524,0,2,712,80,59544,62981,5
386,978,16530,65511,8,65525,0,2,712,101,59551,62989,6
318,928,16528,65511,10,65525,0,2,712,88,59564,62976,7
356,970,16562,65511,10,65525,0,2,712,84,59533,62965,8
432,936,16494,65512,10,65526,0,2,712,81,59558,62963,9
332,930,16596,65512,9,65525,0,2,712,95,59552,62957,10
386,950,16578,65513,9,65525,0,2,712,93,59551,62959,11
338,954,16454,65514,9,65525,0,2,712,102,59570,62950,12
284,900,16518,65511,9,65526,0,2,712,102,59577,62955,13
324,942,16592,65511,9,65524,0,2,712,83,59565,62956,14
434,902,16442,65511,9,65525,0,2,712,92,59554,62957,15
308,878,16590,65512,8,65525,0,2,712,89,59552,62957,16
372,886,16496,65512,9,65525,0,2,712,113,59558,62949,17
358,922,16604,65512,9,65525,0,2,712,97,59562,62946,18
336,894,16450,65511,9,65525,0,2,712,85,59564,62957,19
380,926,16544,65511,8,65524,0,2,712,83,59561,62944,20
352,988,16532,65509,9,65526,0,2,712,85,59545,62946,21
424,892,16552,65510,9,65525,0,2,712,107,59545,62959,22
384,988,16460,65511,10,65524,0,2,712,84,59554,62957,23
346,950,16444,65512,9,65526,0,2,712,102,59575,62927,24
328,952,16468,65510,10,65524,0,2,712,107,59566,62933,25
302,930,16572,65512,9,65524,0,2,712,96,59584,62935,26
410,948,16494,65512,10,65525,0,2,712,96,59555,62939,27
368,1048,16532,65512,9,65525,0,2,712,95,59561,62942,28
322,928,16558,65510,7,65526,0,2,712,110,59575,62947,29
346,982,16548,65511,9,65524,0,2,712,100,59578,62943,30
280,1016,16576,65512,9,65525,0,2,712,94,59588,62945,31
374,964,16562,65512,8,65525,0,2,712,97,59564,62950,32
378,948,16538,65512,10,65525,0,2,712,98,59586,62935,33
358,874,16676,65511,10,65524,0,2,712,86,59570,62948,34
328,930,16434,65511,10,65525,0,2,712,92,59581,62933,35
378,920,16612,65511,9,65525,0,2,712,85,59574,62942,36
372,950,16494,65511,11,65525,0,2,712,112,59566,62908,37
382,940,16530,65513,10,65525,0,2,712,93,59555,62927,38
364,954,16574,65510,8,65526,0,2,712,94,59584,62932,39
372,948,16590,65511,9,65525,0,2,712,84,59567,62931,40
340,928,16620,65511,8,65525,0,2,712,100,59580,62941,41
380,900,16568,65509,9,65526,0,2,712,96,59563,62940,42
350,896,16522,65511,9,65525,0,2,712,101,59583,62956,43
340,892,16566,65511,9,65523,0,2,712,108,59601,62941,44
342,932,16412,65512,9,65524,0,2,712,85,59560,62939,45
404,946,16452,65511,8,65524,0,2,712,100,59574,62923,46
334,936,16560,65512,11,65524,0,2,712,101,59585,62924,47
296,918,16482,65512,8,65525,0,2,712,100,59577,62947,48
366,972,16572,65511,9,65525,0,2,712,100,59571,62933,49
348,872,16476,65511,9,65525,0,2,712,111,59568,62953,50
406,924,16634,65512,10,65524,0,2,712,99,59571,62932,51
316,944,16522,65512,11,65526,0,2,712,88,59560,62946,52
366,940,16454,65510,9,65525,0,2,712,86,59549,62952,53
382,904,16612,65512,9,65524,0,2,712,90,59561,62942,54
382,946,16548,65511,10,65525,0,2,712,86,59558,62958,55
340,934,16398,65512,9,65526,0,2,712,101,59566,62943,56
342,944,16572,65513,10,65524,0,2,712,97,59536,62946,57
334,972,16558,65511,8,65524,0,2,712,90,59567,62949,58
348,912,16490,65512,9,65526,0,2,712,105,59558,62982,59
330,974,16508,65512,10,65525,0,2,712,93,59555,62975,60
336,952,16470,65511,9,65525,0,2,712,92,59565,62983,61
350,950,16604,65511,8,65525,0,2,712,97,59541,62973,62
340,924,16608,65512,9,65526,0,2,712,99,59562,62983,63
348,948,16492,65511,9,65524,0,2,712,119,59560,62967,64
372,934,16570,65511,10,65525,0,2,712,104,59570,62993,65
372,884,16574,65509,8,65524,0,2,712,109,59546,62968,66
364,986,16418,65511,10,65525,0,2,712,86,59556,62975,67
390,954,16518,65512,8,65526,0,2,712,93,59536,62984,68
396,942,16562,65512,9,65524,0,2,712,92,59556,62963,69
380,950,16588,65510,11,65526,0,2,712,96,59544,62985,70
388,956,16550,65510,9,65525,0,2,712,78,59546,62994,71
326,832,16520,65512,9,65526,0,2,712,91,59540,62982,72
404,962,16548,65511,8,65525,0,2,712,86,59547,62979,73
356,950,16580,65511,10,65525,0,2,712,103,59531,62981,74
338,978,16396,65511,8,65526,0,2,712,89,59532,62980,75
342,914,16540,65513,9,65525,0,2,712,96,59547,62974,76
304,984,16514,65510,9,65525,0,2,712,90,59546,62971,77
328,926,16546,65512,8,65524,0,2,712,82,59556,62988,78
332,910,16604,65513,8,65525,0,2,712,81,59543,62981,79
338,932,16552,65511,10,65525,0,2,712,90,59555,62963,80
398,1002,16516,65514,10,65526,0,2,712,111,59579,62956,81
388,928,16550,65513,10,65525,0,2,712,83,59540,62971,82
338,916,16494,65512,8,65525,0,2,712,91,59555,62975,83
350,972,16434,65511,10,65523,0,2,712,81,59528,62962,84
370,894,16546,65511,8,65524,0,2,712,82,59559,62976,85
384,918,16554,65510,10,65525,0,2,712,97,59534,62958,86
372,912,16546,65513,9,65524,0,2,712,105,59557,62961,87
378,972,16562,65511,10,65526,0,2,712,88,59541,62949,88
308,934,16500,65512,9,65525,0,2,712,97,59560,62940,89
374,954,16490,65514,8,65524,0,2,712,94,59555,62932,90
312,908,16490,65512,10,65526,0,2,712,78,59572,62949,91
382,950,16510,65512,10,65524,0,2,712,84,59560,62926,92
402,916,16596,65512,9,65524,0,2,712,115,59571,62957,93
302,930,16450,65510,7,65526,0,2,712,113,59563,62947,94
396,974,16590,65510,10,65525,0,2,712,89,59569,62939,95
418,992,16510,65511,10,65524,0,2,712,102,59562,62938,96
370,942,16468,65510,10,65524,0,2,712,83,59558,62939,97
386,902,16458,65512,8,65526,0,2,712,105,59574,62961,98
376,930,16538,65512,7,65526,0,2,712,112,59574,62934,99
354,944,16560,65511,9,65525,0,2,712,96,59564,62949,100
370,910,16446,65511,8,65525,0,2,712,93,59589,62930,101
366,1000,16530,65511,10,65525,0,2,712,85,59559,62941,102
326,914,16394,65511,9,65526,0,2,712,107,59562,62922,103
330,910,16538,65512,10,65525,0,2,712,86,59569,62919,104
362,954,16474,65511,9,65525,0,2,712,120,59555,62952,105
380,936,16458,65511,8,65524,0,2,712,93,59557,62937,106
380,908,16624,65511,8,65525,0,2,712,90,59546,62949,107
336,900,16484,65512,8,65526,0,2,712,103,59562,62961,108
376,936,16448,65512,10,65525,0,2,712,107,59557,62953,109
390,910,16540,65511,10,65525,0,2,712,102,59543,62967,110
364,916,16578,65511,8,65525,0,2,712,78,59519,62985,111
352,918,16568,65511,10,65525,0,2,712,104,59546,62992,112
392,966,16526,65511,10,65527,0,2,712,94,59533,63005,113
302,940,16520,65511,9,65523,0,2,712,96,59527,62989,114
320,978,16566,65511,9,65525,0,2,712,83,59547,62986,115
312,918,16588,65513,9,65524,0,2,712,96,59549,62987,116
368,918,16568,65514,8,65524,0,2,712,96,59544,62962,117
380,958,16482,65511,10,65526,0,2,712,96,59553,62959,118
376,888,16438,65512,11,65524,0,2,712,90,59555,62945,119
372,974,16668,65511,9,65526,0,2,712,107,59573,62961,120
350,968,16398,65510,10,65525,0,2,712,88,59567,62938,121
368,974,16570,65511,9,65525,0,2,712,99,59569,62944,122
360,938,16476,65512,8,65525,0,2,712,80,59561,62946,123
428,960,16538,65512,9,65526,0,2,712,98,59552,62943,124
354,938,16570,65513,8,65525,0,2,712,108,59548,62941,125
372,916,16492,65512,9,65525,0,2,712,76,59577,62928,126
328,962,16560,65511,8,65525,0,2,712,70,59572,62937,127
398,926,16524,65512,10,65525,0,2,712,68,59559,62936,128
384,874,16462,65512,8,65526,0,2,712,111,59554,62918,129
342,918,16542,65511,8,65525,0,2,712,82,59574,62928,130
320,932,16488,65511,9,65524,0,2,712,103,59578,62926,131
304,936,16414,65511,9,65525,0,2,712,100,59582,62941,132
392,930,16528,65511,8,65525,0,2,712,87,59567,62929,133
370,940,16570,65510,10,65525,0,2,712,101,59580,62920,134
334,982,16500,65512,10,65525,0,2,712,81,59574,62905,135
348,910,16416,65511,7,65525,0,2,712,97,59570,62908,136
408,884,16498,65511,10,65525,0,2,712,100,59579,62902,137
356,930,16472,65512,8,65525,0,2,712,101,59576,62928,138
326,912,16342,65511,9,65524,0,2,712,92,59581,62918,139
358,972,16460,65510,9,65525,0,2,712,80,59583,62910,140
380,960,16522,65514,10,65525,0,2,712,84,59587,62903,141
326,1024,16460,65510,9,65524,0,2,712,87,59586,62901,142
384,954,16520,65513,8,65526,0,2,712,103,59591,62894,143
330,898,16582,65511,9,65524,0,2,712,105,59600,62876,144
350,980,16478,65510,10,65524,0,2,712,101,59589,62875,145
270,932,16544,65510,8,65524,0,2,712,86,59596,62885,146
348,894,16614,65510,10,65525,0,2,712,74,59613,62896,147
382,922,16512,65511,10,65525,0,2,712,92,59582,62871,148
326,964,16564,65513,9,65525,0,2,712,92,59604,62890,149
384,1010,16614,65512,10,65524,0,2,712,93,59593,62890,150
400,920,16486,65511,8,65525,0,2,712,100,59596,62917,151
346,914,16518,65512,8,65525,0,2,712,92,59597,62894,152
344,980,16570,65513,9,65524,0,2,712,97,59590,62901,153
366,982,16432,65511,9,65526,0,2,712,81,59586,62903,154
370,906,16568,65511,10,65525,0,2,712,81,59606,62904,155
372,984,16502,65511,10,65525,0,2,712,112,59580,62896,156
420,890,16484,65511,9,65524,0,2,712,87,59578,62894,157
324,976,16524,65511,8,65526,0,2,712,90,59582,62910,158
398,922,16504,65511,10,65525,0,2,712,101,59584,62902,159
400,956,16498,65511,9,65526,0,2,712,91,59582,62930,160
338,948,16502,65511,9,65526,0,2,712,76,59579,62944,161
344,916,16516,65510,9,65525,0,2,712,90,59574,62925,162
310,946,16488,65511,9,65525,0,2,712,77,59570,62907,163
362,950,16408,65510,10,65524,0,2,712,94,59578,62912,164
364,922,16566,65512,9,65525,0,2,712,92,59555,62913,165
372,954,16562,65511,9,65525,0,2,712,75,59584,62896,166
358,934,16462,65510,8,65524,0,2,712,73,59588,62915,167
344,980,16602,65512,9,65526,0,2,712,87,59580,62902,168
326,952,16478,65511,9,65524,0,2,712,84,59564,62908,169
374,1002,16498,65510,9,65525,0,2,712,88,59586,62891,170
338,990,16550,65511,9,65524,0,2,712,81,59601,62912,171
354,962,16518,65511,10,65525,0,2,712,98,59575,62889,172
326,882,16424,65512,9,65524,0,2,712,90,59582,62896,173
332,898,16524,65513,9,65525,0,2,712,94,59601,62900,174
352,942,16618,65511,10,65525,0,2,712,92,59604,62889,175
340,878,16462,65511,9,65525,0,2,712,87,59607,62891,176
324,932,16528,65511,9,65524,0,2,712,82,59596,62896,177
356,912,16570,65512,9,65524,0,2,712,90,59602,62927,178
388,914,16566,65511,8,65526,0,2,712,89,59591,62915,179
328,934,16550,65512,10,65525,0,2,712,85,59580,62922,180
318,948,16576,65512,9,65525,0,2,712,71,59584,62908,181
364,926,16520,65511,9,65526,0,2,712,71,59573,62922,182
412,974,16624,65511,8,65524,0,2,712,86,59557,62929,183
330,918,16526,65512,10,65523,0,2,712,95,59565,62943,184
326,942,16514,65511,9,65526,0,2,712,83,59540,62962,185
304,928,16570,65511,9,65524,0,2,712,87,59545,62973,186
352,932,16566,65513,9,65526,0,2,712,91,59558,62976,187
408,976,16488,65512,9,65525,0,2,712,98,59555,62978,188
358,970,16570,65511,9,65526,0,2,712,86,59556,62994,189
338,974,16630,65511,9,65526,0,2,712,87,59550,62988,190
328,986,16430,65511,9,65523,0,2,712,100,59550,62983,191
326,890,16512,65511,10,65526,0,2,712,91,59533,62972,192
378,970,16582,65512,10,65525,0,2,712,102,59520,63006,193
408,964,16476,65513,10,65525,0,2,712,106,59537,62994,194
354,982,16454,65512,10,65524,0,2,712,90,59544,63002,195
370,914,16542,65513,8,65525,0,2,712,83,59530,62999,196
298,930,16520,65510,8,65526,0,2,712,97,59529,62980,197
382,968,16484,65513,10,65525,0,2,712,102,59524,62992,198
314,986,16594,65511,9,65525,0,2,712,91,59517,62988,199
348,880,16608,65511,10,65525,0,2,712,88,59530,62979,200
312,934,16598,65510,10,65524,0,2,712,102,59548,62993,201
384,932,16526,65512,10,65524,0,2,712,73,59522,62975,202
364,878,16590,65513,9,65525,0,2,712,101,59547,62968,203
372,946,16578,65513,9,65526,0,2,712,88,59533,62971,204
358,962,16478,65511,8,65524,0,2,712,85,59541,62993,205
344,928,16478,65512,9,65524,0,2,712,90,59538,62995,206
374,942,16522,65510,10,65524,0,2,712,93,59547,62955,207
372,924,16562,65512,9,65523,0,2,712,95,59547,62947,208
352,946,16376,65513,11,65524,0,2,712,93,59564,62961,209
318,900,16632,65512,8,65524,0,2,712,98,59557,62947,210
372,936,16530,65512,9,65525,0,2,712,105,59558,62958,211
362,916,16562,65511,10,65525,0,2,712,111,59580,62962,212
322,944,16482,65512,9,65525,0,2,712,100,59560,62942,213
388,982,16560,65511,8,65524,0,2,712,93,59556,62951,214
328,906,16486,65510,8,65525,0,2,712,109,59563,62954,215
352,922,16426,65511,9,65526,0,2,712,96,59557,62946,216
374,944,16564,65512,9,65524,0,2,712,96,59535,62940,217
322,972,16516,65512,9,65525,0,2,712,98,59543,62980,218
386,938,16470,65511,8,65524,0,2,712,104,59538,62945,219
422,938,16680,65511,8,65525,0,2,712,103,59537,62960,220
404,902,16562,65512,11,65525,0,2,712,113,59561,62970,221
360,1002,16528,65510,9,65526,0,2,712,120,59535,62970,222
430,972,16524,65513,10,65524,0,2,712,88,59558,62950,223
438,918,16538,65510,8,65524,0,2,712,96,59544,62974,224
386,894,16396,65511,7,65526,0,2,712,104,59564,62965,225
404,908,16622,65513,10,65524,0,2,712,90,59541,62975,226
336,948,16478,65511,9,65525,0,2,712,91,59548,62961,227
360,1010,16514,65511,10,65526,0,2,712,84,59566,62996,228
334,904,16502,65511,9,65525,0,2,712,104,59546,62973,229
390,940,16560,65512,9,65525,0,2,712,81,59540,62970,230
356,944,16500,65511,8,65525,0,2,712,109,59540,62979,231
368,926,16408,65511,8,65527,0,2,712,96,59547,62963,232
376,930,16542,65511,10,65524,0,2,712,101,59539,62959,233
398,962,16488,65510,9,65524,0,2,712,103,59546,62982,234
396,910,16464,65512,8,65524,0,2,712,94,59529,62986,235
358,934,16504,65513,9,65524,0,2,712,93,59546,62991,236
352,908,16602,65512,9,65525,0,2,712,100,59542,62993,237
382,970,16638,65512,9,65525,0,2,712,86,59536,62963,238
350,984,16580,65512,9,65524,0,2,712,97,59551,62975,239
372,936,16536,65511,10,65525,0,2,712,83,59515,62971,240
360,942,16606,65512,9,65525,0,2,712,93,59525,62979,241
322,888,16542,65512,9,65525,0,2,712,79,59531,62976,242
332,930,16580,65511,10,65525,0,2,712,95,59541,62984,243
358,952,16484,65510,9,65525,0,2,712,104,59545,62994,244
314,934,16568,65513,8,65525,0,2,712,107,59531,62993,245
366,888,16588,65512,9,65524,0,2,712,94,59536,62976,246
320,954,16534,65512,9,65525,0,2,712,110,59530,62986,247
292,930,16462,65512,8,65525,0,2,712,112,59544,62990,248
358,922,16436,65511,10,65524,0,2,712,85,59536,62965,249
354,910,16578,65512,9,65525,0,2,712,110,59548,62999,250
354,918,16444,65512,9,65526,0,2,712,102,59527,62982,251
370,962,16572,65512,9,65525,0,2,712,105,59515,62969,252
354,964,16530,65511,8,65525,0,2,712,90,59532,62978,253
376,944,16544,65511,9,65524,0,2,712,112,59544,62984,254
418,922,16516,65511,9,65526,0,2,712,97,59527,62980,255
326,960,16594,65512,9,65526,0,2,712,99,59543,62973,256
322,912,16492,65510,8,65526,0,2,713,115,59528,63005,257
312,946,16464,65511,8,65526,0,2,713,102,59546,62979,258
370,940,16568,65511,9,65525,0,2,713,91,59553,62973,259
364,960,16512,65511,9,65525,0,2,713,83,59534,62979,260
386,890,16474,65512,10,65525,0,2,713,113,59543,62989,261
364,952,16556,65511,9,65524,0,2,713,89,59528,62978,262
342,982,16576,65512,8,65525,0,2,713,97,59556,62984,263
388,912,16484,65511,10,65525,0,2,713,97,59544,62974,264
350,888,16594,65513,9,65524,0,2,713,120,59547,63001,265
400,958,16618,65511,11,65525,0,2,713,117,59536,62987,266
362,970,16468,65510,10,65525,0,2,713,90,59554,62985,267
374,918,16524,65512,9,65525,0,2,713,102,59554,62967,268
344,946,16552,65512,8,65525,0,2,713,92,59539,62960,269
328,956,16514,65512,8,65525,0,2,713,103,59548,62964,270
414,960,16504,65511,10,65524,0,2,713,85,59543,62934,271
390,954,16520,65511,9,65525,0,2,713,93,59548,62964,272
384,918,16482,65511,9,65525,0,2,713,113,59557,62970,273
320,878,16488,65511,9,65525,0,2,713,111,59555,62955,274
386,942,16542,65512,8,65525,0,2,713,81,59556,62958,275
398,920,16546,65512,8,65526,0,2,713,84,59582,62978,276
328,920,16508,65512,9,65524,0,2,713,99,59560,62960,277
356,910,16608,65512,9,65525,0,2,713,97,59566,62958,278
378,960,16474,65512,10,65525,0,2,713,99,59571,62937,279
334,876,16492,65510,9,65525,0,2,713,85,59576,62964,280
310,940,16438,65510,8,65524,0,2,713,91,59561,62966,281
366,980,16620,65512,8,65524,0,2,713,90,59563,62946,282
380,946,16492,65510,11,65525,0,2,713,110,59564,62949,283
382,884,16610,65511,9,65524,0,2,713,101,59589,62964,284
314,962,16556,65511,10,65525,0,2,713,103,59559,62956,285
374,964,16564,65511,7,65525,0,2,713,94,59572,62954,286
354,950,16530,65511,9,65525,0,2,713,87,59541,62930,287
426,950,16476,65509,8,65525,0,2,713,87,59568,62957,288
338,958,16552,65512,9,65526,0,2,713,94,59583,62940,289
350,964,16598,65510,8,65524,0,2,713,96,59566,62945,290
342,950,16436,65513,9,65523,0,2,713,98,59578,62965,291
346,942,16532,65512,9,65524,0,2,713,106,59569,62935,292
374,942,16614,65512,10,65525,0,2,713,91,59581,62928,293
360,990,16546,65510,11,65526,0,2,713,93,59574,62950,294
360,910,16578,65510,10,65525,0,2,713,95,59563,62935,295
348,950,16628,65513,10,65525,0,2,713,82,59575,62962,296
358,888,16578,65511,9,65526,0,2,713,94,59558,62929,297
360,900,16550,65512,8,65525,0,2,713,96,59565,62932,298
404,912,16584,65513,8,65525,0,2,713,98,59564,62936,299
382,962,16576,65512,9,65525,0,2,713,96,59559,62943,300
396,906,16508,65511,9,65525,0,2,713,89,59550,62936,301
378,960,16528,65512,9,65525,0,2,713,98,59568,62926,302
386,916,16534,65511,9,65524,0,2,713,97,59561,62949,303
300,888,16524,65510,10,65525,0,2,713,96,59572,62943,304
424,922,16470,65512,8,65524,0,2,713,102,59549,62960,305
386,920,16512,65513,9,65524,0,2,713,94,59565,62947,306
386,932,16594,65511,8,65524,0,2,713,86,59568,62937,307
416,988,16524,65511,10,65526,0,2,713,90,59549,62956,308
386,866,16546,65512,9,65525,0,2,713,95,59565,62961,309
376,974,16464,65511,9,65525,0,2,713,92,59561,62945,310
370,952,16480,65511,8,65525,0,2,713,93,59553,62964,311
344,952,16528,65512,9,65525,0,2,713,85,59556,62970,312
352,936,16510,65514,10,65524,0,2,713,93,59544,62973,313
356,934,16578,65512,8,65525,0,2,713,89,59570,62938,314
378,906,16366,65511,11,65524,0,2,713,89,59545,62955,315
360,946,16438,65513,10,65526,0,2,713,94,59542,62948,316
314,960,16568,65512,10,65524,0,2,713,96,59551,62958,317
376,860,16438,65510,9,65525,0,2,713,94,59549,62948,318
428,892,16572,65512,9,65525,0,2,713,97,59548,62942,319
356,962,16648,65512,9,65525,0,2,713,106,59543,62961,320
384,896,16474,65511,9,65524,0,2,713,108,59543,62961,321
322,942,16400,65511,7,65526,0,2,713,95,59544,62959,322
316,944,16602,65513,9,65526,0,2,713,88,59554,62953,323
366,918,16452,65511,10,65524,0,2,713,100,59555,62951,324
310,894,16566,65513,9,65525,0,2,713,102,59563,62972,325
394,882,16482,65509,7,65524,0,2,713,99,59547,62939,326
336,932,16406,65512,8,65524,0,2,713,100,59554,62965,327
380,984,16500,65511,10,65525,0,2,713,100,59557,62956,328
334,920,16440,65511,9,65525,0,2,713,122,59545,62951,329
394,952,16452,65512,9,65525,0,2,713,100,59558,62963,330
332,914,16504,65511,8,65524,0,2,713,95,59554,62934,331
368,952,16446,65512,9,65525,0,2,713,103,59557,62945,332
374,946,16440,65511,10,65524,0,2,713,94,59580,62959,333
322,966,16568,65512,8,65525,0,2,713,87,59550,62954,334
356,858,16432,65510,9,65525,0,2,713,123,59559,62961,335
362,966,16522,65512,8,65524,0,2,713,105,59549,62983,336
334,898,16632,65512,8,65525,0,2,713,84,59546,62960,337
372,926,16462,65513,9,65525,0,2,713,78,59542,62960,338
346,916,16544,65513,10,65524,0,2,713,111,59548,62956,339
408,976,16606,65513,10,65525,0,2,713,90,59560,62958,340
394,970,16622,65510,9,65524,0,2,713,102,59540,62983,341
350,938,16480,65511,8,65525,0,2,713,104,59564,62962,342
336,922,16458,65512,9,65525,0,2,713,84,59561,62962,343
288,894,16474,65510,9,65526,0,2,713,103,59550,62972,344
372,934,16484,65511,9,65526,0,2,713,111,59567,62964,345
366,946,16534,65513,9,65524,0,2,713,97,59539,62976,346
308,976,16610,65511,8,65525,0,2,713,105,59559,62984,347
292,948,16594,65509,10,65525,0,2,713,79,59553,62960,348
360,930,16558,65511,8,65524,0,2,713,97,59539,62962,349
366,936,16538,65513,11,65525,0,2,713,105,59548,62981,350
354,904,16464,65510,9,65525,0,2,713,84,59559,62969,351
324,920,16486,65510,9,65524,0,2,713,101,59552,62961,352
344,928,16582,65511,9,65525,0,2,713,104,59526,62985,353
354,954,16516,65511,10,65524,0,2,713,114,59540,62966,354
328,904,16480,65512,9,65524,0,2,713,76,59544,62963,355
342,952,16594,65510,8,65525,0,2,713,96,59533,62976,356
308,962,16618,65510,11,65525,0,2,713,95,59542,62951,357
316,932,16578,65511,10,65525,0,2,713,90,59534,62992,358
414,900,16534,65512,10,65525,0,2,713,79,59543,62977,359
322,946,16584,65511,10,65526,0,2,713,98,59563,62944,360
400,948,16546,65511,10,65525,0,2,713,87,59533,62942,361
360,936,16580,65513,9,65524,0,2,713,80,59530,62960,362
386,974,16712,65512,10,65525,0,2,713,105,59536,62942,363
358,934,16386,65512,9,65524,0,2,713,99,59554,62939,364
348,926,16594,65512,9,65524,0,2,713,83,59530,62982,365
332,982,16522,65512,10,65525,0,2,713,95,59550,62961,366
356,894,16516,65512,10,65524,0,2,713,79,59541,62956,367
348,968,16570,65511,9,65525,0,2,713,96,59530,62950,368
362,918,16648,65512,10,65525,0,2,713,103,59546,62950,369
378,872,16604,65510,9,65525,0,2,713,98,59525,62941,370
334,918,16528,65510,9,65523,0,2,713,87,59532,62962,371
414,970,16564,65510,8,65526,0,2,713,98,59541,62958,372
422,914,16480,65511,9,65526,0,2,713,90,59548,62962,373
358,916,16460,65512,7,65525,0,2,713,94,59536,62957,374
402,954,16404,65513,9,65526,0,2,713,105,59524,62955,375
362,952,16530,65511,8,65526,0,2,713,116,59546,62969,376
438,948,16584,65510,9,65524,0,2,713,91,59552,62964,377
344,874,16508,65513,8,65525,0,2,713,102,59522,62956,378
376,922,16588,65511,10,65525,0,2,713,104,59539,62950,379
308,962,16512,65512,9,65524,0,2,713,93,59538,62961,380
292,948,16568,65511,9,65526,0,2,713,76,59561,62959,381
332,904,16596,65511,10,65525,0,2,713,107,59547,62949,382
322,954,16508,65511,9,65526,0,2,713,78,59544,62948,383
374,908,16524,65511,9,65526,0,2,713,82,59565,62944,384
300,904,16508,65510,10,65524,0,2,713,80,59550,62937,385
324,956,16522,65512,11,65523,0,2,713,86,59549,62916,386
390,870,16500,65511,10,65525,0,2,713,85,59557,62914,387
324,950,16606,65511,8,65524,0,2,713,82,59548,62927,388
312,960,16484,65510,9,65525,0,2,713,90,59566,62919,389
390,906,16544,65512,9,65525,0,2,713,97,59559,62920,390
332,904,16548,65512,9,65525,0,2,713,93,59557,62908,391
394,980,16436,65511,9,65525,0,2,713,84,59566,62921,392
328,896,16560,65512,10,65524,0,2,713,103,59587,62933,393
298,898,16460,65512,9,65525,0,2,713,101,59577,62940,394
344,904,16528,65510,10,65524,0,2,713,86,59580,62909,395
346,994,16504,65512,9,65525,0,2,713,85,59570,62915,396
340,896,16664,65512,9,65526,0,2,713,104,59563,62928,397
330,918,16498,65511,9,65525,0,2,713,88,59564,62918,398
344,912,16534,65511,8,65524,0,2,713,86,59581,62944,399
340,950,16582,65510,8,65525,0,2,713,78,59563,62897,400
382,886,16530,65512,9,65525,0,2,713,93,59573,62903,401
324,914,16482,65511,10,65524,0,2,713,83,59556,62928,402
336,878,16540,65512,9,65524,0,2,713,76,59588,62937,403
300,916,16574,65513,8,65524,0,2,713,85,59575,62929,404
382,964,16496,65511,8,65525,0,2,713,97,59574,62938,405
348,896,16598,65511,9,65525,0,2,713,94,59565,62916,406
386,952,16588,65512,10,65525,0,2,713,69,59570,62921,407
400,944,16568,65512,9,65527,0,2,713,97,59565,62930,408
358,950,16506,65512,11,65526,0,2,713,77,59577,62931,409
352,978,16498,65511,11,65525,0,2,713,85,59572,62912,410
380,872,16576,65512,9,65525,0,2,713,85,59572,62912,411
404,940,16488,65510,10,65525,0,2,713,90,59572,62927,412
430,954,16550,65511,10,65524,0,2,713,86,59577,62914,413
370,974,16590,65512,10,65524,0,2,713,102,59585,62934,414
376,898,16466,65512,10,65524,0,2,713,99,59571,62920,415
368,936,16562,65512,10,65524,0,2,713,98,59572,62905,416
372,970,16538,65512,9,65525,0,2,713,87,59561,62907,417
292,1008,16604,65510,8,65525,0,2,713,96,59585,62914,418
322,976,16466,65511,10,65525,0,2,713,79,59569,62926,419
376,898,16560,65511,9,65526,0,2,713,86,59567,62909,420
396,968,16560,65510,10,65524,0,2,713,85,59574,62907,421
372,954,16458,65511,10,65525,0,2,713,89,59606,62907,422
382,998,16542,65514,7,65525,0,2,713,88,59577,62904,423
328,948,16540,65512,9,65524,0,2,713,100,59588,62902,424
380,976,16510,65511,9,65523,0,2,713,102,59580,62920,425
374,910,16592,65511,8,65526,0,2,713,93,59585,62910,426
382,948,16554,65511,9,65524,0,2,713,95,59583,62888,427
372,930,16666,65511,8,65525,0,2,713,93,59570,62894,428
398,854,16538,65512,10,65525,0,2,713,72,59585,62889,429
312,970,16534,65512,8,65525,0,2,713,70,59592,62904,430
386,958,16528,65509,9,65524,0,2,713,100,59600,62884,431
316,904,16512,65512,8,65524,0,2,713,94,59592,62876,432
386,956,16492,65511,9,65525,0,2,713,78,59572,62883,433
328,944,16506,65510,9,65524,0,2,713,93,59629,62902,434
354,936,16510,65512,7,65527,0,2,713,83,59608,62886,435
362,976,16424,65512,8,65525,0,2,713,82,59611,62897,436
348,954,16644,65512,9,65525,0,2,713,78,59600,62886,437
348,924,16518,65510,10,65526,0,2,713,102,59592,62877,438
310,958,16496,65510,9,65526,0,2,713,86,59588,62883,439
336,936,16648,65513,8,65525,0,2,713,107,59609,62882,440
330,960,16576,65512,10,65525,0,2,713,91,59596,62861,441
272,950,16472,65512,10,65526,0,2,713,94,59594,62880,442
360,950,16508,65511,9,65524,0,2,713,91,59607,62876,443
360,906,16606,65512,9,65525,0,2,713,79,59609,62893,444
330,888,16604,65511,9,65524,0,2,713,84,59594,62867,445
382,992,16452,65512,9,65524,0,2,713,93,59591,62891,446
380,920,16638,65512,8,65523,0,2,713,96,59609,62895,447
316,974,16542,65513,9,65525,0,2,713,73,59611,62888,448
382,910,16464,65512,10,65524,0,2,713,83,59590,62873,449
304,942,16518,65510,8,65526,0,2,713,94,59595,62873,450
342,976,16588,65512,9,65525,0,2,713,116,59590,62889,451
370,966,16438,65511,9,65525,0,2,713,101,59603,62901,452
428,922,16500,65511,9,65526,0,2,713,93,59597,62896,453
370,924,16474,65510,8,65525,0,2,713,82,59589,62875,454
334,964,16510,65511,8,65524,0,2,713,108,59606,62898,455
350,932,16510,65511,9,65524,0,2,713,86,59593,62886,456
412,970,16548,65511,10,65524,0,2,713,82,59607,62885,457
352,932,16490,65510,8,65524,0,2,713,86,59589,62887,458
338,992,16470,65511,11,65526,0,2,713,83,59598,62907,459
368,964,16578,65511,7,65526,0,2,713,92,59591,62884,460
352,954,16528,65510,10,65525,0,2,713,83,59596,62871,461
320,948,16564,65510,8,65525,0,2,713,82,59587,62908,462
408,970,16594,65511,9,65525,0,2,713,71,59598,62903,463
348,974,16622,65510,10,65525,0,2,713,100,59592,62915,464
336,912,16558,65510,9,65526,0,2,713,100,59583,62899,465
352,946,16564,65512,9,65525,0,2,713,85,59591,62892,466
358,846,16560,65511,8,65525,0,2,713,88,59604,62905,467
304,978,16602,65511,10,65524,0,2,713,86,59582,62873,468
384,968,16540,65511,9,65524,0,2,713,94,59608,62875,469
362,934,16444,65510,8,65527,0,2,713,76,59603,62880,470
356,926,16446,65511,8,65526,0,2,713,91,59599,62855,471
320,910,16528,65513,9,65525,0,2,713,91,59599,62870,472
340,902,16504,65510,8,65524,0,2,713,93,59615,62866,473
420,934,16482,65512,10,65526,0,2,713,96,59614,62863,474
342,888,16514,65509,8,65525,0,2,713,111,59614,62866,475
332,968,16576,65511,10,65524,0,2,713,94,59602,62870,476
368,980,16642,65512,7,65525,0,2,713,75,59607,62871,477
346,882,16476,65512,9,65524,0,2,713,87,59608,62845,478
280,930,16442,65512,9,65525,0,2,713,79,59621,62864,479
370,934,16566,65512,9,65524,0,2,713,91,59630,62863,480
384,980,16526,65509,9,65524,0,2,713,91,59621,62848,481
358,904,16450,65512,9,65524,0,2,713,71,59625,62856,482
380,954,16566,65510,11,65524,0,2,713,84,59617,62840,483
342,964,16420,65509,8,65524,0,2,713,79,59630,62859,484
344,998,16480,65513,11,65527,0,2,713,87,59625,62829,485
356,896,16570,65513,10,65526,0,2,713,84,59634,62828,486
374,894,16606,65511,8,65524,0,2,713,97,59639,62828,487
356,884,16518,65510,11,65525,0,2,713,78,59633,62831,488
376,912,16520,65511,9,65525,0,2,713,99,59635,62831,489
364,932,16634,65511,11,65524,0,2,713,97,59634,62837,490
360,962,16550,65512,8,65524,0,2,713,87,59634,62812,491
338,938,16486,65511,8,65526,0,2,713,93,59624,62824,492
288,902,16610,65512,11,65524,0,2,713,88,59621,62830,493
374,948,16538,65511,9,65525,0,2,713,90,59619,62801,494
378,918,16502,65511,9,65524,0,2,713,84,59627,62793,495
362,892,16484,65511,6,65524,0,2,713,97,59637,62825,496
374,898,16558,65512,8,65525,0,2,713,87,59638,62796,497
390,936,16440,65510,10,65524,0,2,713,87,59638,62789,498
342,954,16570,65513,8,65525,0,2,713,88,59652,62790,499
330,948,16534,65510,9,65525,0,2,713,82,59646,62785,500
370,904,16486,65512,10,65525,0,2,713,78,59658,62785,501
288,896,16514,65513,8,65524,0,2,713,90,59658,62786,502
366,920,16542,65511,9,65526,0,2,713,80,59649,62793,503
328,930,16436,65510,10,65523,0,2,713,87,59653,62800,504
324,918,16590,65513,8,65524,0,2,713,84,59648,62791,505
340,898,16638,65511,9,65526,0,2,714,86,59634,62812,506
340,968,16522,65511,9,65525,0,2,714,85,59652,62815,507
378,914,16582,65510,9,65525,0,2,714,100,59625,62801,508
342,948,16506,65509,9,65524,0,2,714,87,59616,62809,509
330,908,16558,65512,10,65526,0,2,714,76,59622,62814,510
418,922,16582,65512,8,65524,0,2,714,81,59623,62820,511
370,918,16526,65513,9,65526,0,2,714,80,59608,62816,512
402,934,16584,65512,10,65526,0,2,714,85,59613,62841,513
364,974,16622,65511,8,65524,0,2,714,82,59627,62832,514
360,928,16532,65510,8,65525,0,2,714,85,59610,62821,515
328,930,16580,65511,10,65524,0,2,714,82,59623,62830,516
310,952,16516,65511,8,65525,0,2,714,84,59616,62818,517
312,932,16580,65511,8,65524,0,2,714,87,59619,62836,518
324,904,16468,65512,9,65525,0,2,714,93,59637,62840,519
384,998,16566,65513,10,65525,0,2,714,82,59622,62810,520
384,942,16480,65511,10,65525,0,2,714,87,59644,62822,521
328,922,16380,65512,10,65524,0,2,714,97,59627,62802,522
388,916,16540,65510,10,65525,0,2,714,109,59627,62791,523
356,872,16530,65511,9,65526,0,2,714,95,59636,62789,524
390,980,16572,65509,9,65525,0,2,714,74,59642,62808,525
424,956,16578,65514,10,65526,0,2,714,97,59641,62802,526
342,904,16596,65511,8,65525,0,2,714,90,59664,62811,527
370,944,16428,65514,7,65526,0,2,714,92,59632,62816,528
406,902,16532,65511,10,65526,0,2,714,83,59633,62810,529
374,924,16564,65511,10,65524,0,2,714,88,59640,62807,530
326,932,16504,65510,9,65525,0,2,714,89,59637,62814,531
346,878,16554,65511,10,65524,0,2,714,116,59645,62820,532
326,962,16652,65511,9,65524,0,2,714,81,59644,62813,533
342,950,16520,65512,8,65525,0,2,714,95,59647,62809,534
384,1008,16536,65512,9,65523,0,2,714,74,59653,62802,535
372,930,16692,65512,10,65526,0,2,714,90,59643,62807,536
398,880,16382,65513,9,65524,0,2,714,104,59648,62822,537
308,884,16436,65511,10,65525,0,2,714,90,59632,62811,538
424,910,16652,65513,10,65524,0,2,714,93,59633,62823,539
334,962,16552,65512,7,65524,0,2,714,95,59629,62843,540
346,918,16536,65510,8,65523,0,2,714,89,59633,62830,541
396,958,16588,65511,10,65525,0,2,714,81,59617,62825,542
384,952,16586,65512,9,65525,0,2,714,78,59630,62826,543
384,960,16476,65511,10,65525,0,2,714,81,59613,62844,544
358,940,16510,65513,9,65524,0,2,714,103,59623,62852,545
346,964,16544,65512,9,65524,0,2,714,89,59616,62839,546
330,922,16586,65510,9,65525,0,2,714,99,59617,62848,547
344,950,16620,65510,10,65525,0,2,714,96,59621,62842,548
396,966,16592,65513,8,65525,0,2,714,109,59620,62854,549
388,920,16586,65512,9,65525,0,2,714,94,59610,62879,550
434,992,16524,65512,8,65525,0,2,714,88,59618,62847,551
330,960,16560,65512,10,65525,0,2,714,92,59602,62846,552
364,976,16568,65511,8,65524,0,2,714,106,59600,62856,553
400,890,16524,65511,8,65525,0,2,714,89,59613,62863,554
344,892,16464,65512,7,65525,0,2,714,103,59619,62855,555
354,910,16604,65511,10,65524,0,2,714,111,59609,62857,556
376,918,16566,65511,9,65526,0,2,714,95,59613,62861,557
378,840,16488,65512,10,65523,0,2,714,81,59609,62836,558
412,920,16548,65511,10,65523,0,2,714,98,59613,62871,559
334,904,16490,65511,11,65525,0,2,714,87,59605,62869,560
330,896,16494,65513,9,65524,0,2,714,85,59598,62873,561
300,928,16548,65512,9,65524,0,2,714,93,59605,62878,562
368,932,16498,65511,9,65525,0,2,714,81,59590,62873,563
300,916,16500,65511,9,65525,0,2,714,84,59587,62861,564
300,924,16664,65512,8,65525,0,2,714,91,59608,62876,565
324,906,16602,65511,10,65526,0,2,714,88,59627,62878,566
432,920,16376,65512,9,65525,0,2,714,83,59605,62874,567
438,904,16682,65513,10,65525,0,2,714,99,59595,62883,568
386,930,16556,65511,11,65525,0,2,714,84,59593,62879,569
378,944,16480,65510,9,65525,0,2,714,99,59610,62879,570
354,956,16518,65513,9,65525,0,2,714,99,59594,62883,571
384,1010,16470,65511,8,65525,0,2,714,98,59606,62906,572
338,900,16522,65511,10,65525,0,2,714,87,59606,62880,573
372,934,16496,65511,8,65524,0,2,714,105,59601,62896,574
354,1004,16556,65513,9,65526,0,2,714,80,59593,62871,575
368,902,16556,65510,10,65525,0,2,714,99,59602,62892,576
354,934,16540,65512,8,65523,0,2,714,110,59587,62873,577
276,906,16586,65511,10,65525,0,2,714,91,59579,62900,578
356,990,16504,65512,10,65526,0,2,714,74,59595,62882,579
374,952,16512,65512,10,65527,0,2,714,93,59614,62878,580
386,934,16530,65510,10,65525,0,2,714,94,59603,62893,581
342,924,16546,65512,8,65526,0,2,714,114,59600,62893,582
378,928,16524,65512,10,65526,0,2,714,101,59587,62884,583
340,942,16438,65511,9,65525,0,2,714,89,59598,62884,584
390,988,16566,65510,9,65526,0,2,714,95,59592,62882,585
306,882,16400,65511,9,65523,0,2,714,108,59614,62873,586
402,922,16510,65510,8,65526,0,2,714,90,59586,62868,587
338,980,16592,65510,10,65524,0,2,714,110,59621,62865,588
368,928,16586,65511,10,65525,0,2,714,82,59593,62877,589
324,968,16432,65510,9,65524,0,2,714,85,59606,62852,590
284,962,16626,65511,9,65525,0,2,714,83,59596,62880,591
326,916,16574,65513,10,65525,0,2,714,93,59586,62887,592
360,978,16548,65512,10,65525,0,2,714,98,59598,62893,593
376,958,16528,65511,9,65525,0,2,714,118,59617,62887,594
408,946,16616,65512,8,65526,0,2,714,81,59582,62887,595
370,928,16490,65511,10,65525,0,2,714,94,59601,62887,596
354,876,16540,65510,9,65526,0,2,714,111,59590,62903,597
342,938,16572,65512,10,65525,0,2,714,86,59599,62896,598
410,934,16446,65511,8,65525,0,2,714,76,59612,62872,599
364,954,16398,65512,9,65525,0,2,714,89,59598,62896,600
366,906,16666,65513,10,65525,0,2,714,99,59608,62890,601
360,984,16530,65510,8,65525,0,2,714,125,59601,62875,602
330,934,16472,65513,10,65526,0,2,714,99,59617,62887,603
340,972,16480,65512,10,65525,0,2,714,100,59576,62896,604
318,898,16526,65512,9,65524,0,2,714,94,59579,62888,605
392,934,16542,65512,10,65525,0,2,714,91,59595,62919,606
340,938,16562,65511,8,65525,0,2,714,90,59587,62901,607
350,964,16612,65512,8,65525,0,2,714,103,59594,62913,608
296,932,16492,65511,9,65526,0,2,714,91,59605,62898,609
386,950,16546,65512,9,65526,0,2,714,87,59591,62892,610
330,904,16516,65512,9,65524,0,2,714,102,59607,62885,611
380,934,16424,65512,10,65524,0,2,714,97,59618,62885,612
380,970,16464,65511,8,65526,0,2,714,105,59600,62878,613
390,938,16686,65512,8,65525,0,2,714,85,59617,62882,614
368,944,16562,65510,8,65524,0,2,714,106,59610,62876,615
354,956,16518,65512,10,65524,0,2,714,101,59610,62858,616
356,894,16486,65513,8,65525,0,2,714,87,59624,62874,617
394,930,16588,65512,10,65526,0,2,714,101,59601,62872,618
334,924,16580,65512,9,65524,0,2,714,96,59620,62865,619
344,872,16448,65511,8,65524,0,2,714,87,59616,62860,620
346,938,16554,65511,9,65525,0,2,714,103,59619,62867,621
336,938,16516,65513,9,65525,0,2,714,101,59604,62885,622
342,902,16588,65512,9,65525,0,2,714,68,59614,62865,623
378,906,16480,65510,10,65525,0,2,714,97,59616,62885,624
340,942,16580,65512,9,65524,0,2,714,89,59616,62865,625
400,922,16570,65511,10,65525,0,2,714,105,59606,62872,626
364,896,16630,65511,9,65525,0,2,714,89,59615,62861,627
376,976,16548,65512,9,65524,0,2,714,92,59602,62885,628
356,930,16512,65512,9,65526,0,2,714,91,59609,62894,629
356,940,16558,65510,8,65525,0,2,714,118,59611,62895,630
346,956,16498,65511,9,65525,0,2,714,110,59606,62874,631
330,936,16452,65512,9,65525,0,2,714,99,59595,62874,632
348,910,16652,65512,9,65523,0,2,714,100,59609,62882,633
370,922,16534,65510,9,65525,0,2,714,97,59596,62893,634
386,948,16518,65511,9,65526,0,2,714,95,59584,62904,635
396,918,16520,65512,8,65524,0,2,714,95,59606,62887,636
394,988,16522,65512,10,65525,0,2,714,103,59601,62886,637
316,924,16428,65511,10,65525,0,2,714,82,59591,62892,638
342,904,16476,65512,10,65526,0,2,714,95,59615,62875,639
338,952,16676,65511,7,65526,0,2,714,100,59616,62904,640
364,944,16544,65511,10,65525,0,2,714,93,59612,62903,641
344,964,16540,65509,9,65525,0,2,714,89,59584,62889,642
332,924,16552,65511,9,65526,0,2,714,78,59583,62898,643
344,932,16532,65511,9,65525,0,2,714,106,59592,62886,644
378,922,16536,65512,10,65526,0,2,714,110,59592,62887,645
406,920,16536,65511,8,65525,0,2,714,94,59595,62894,646
362,912,16628,65513,8,65525,0,2,714,106,59595,62871,647
370,940,16518,65510,10,65524,0,2,714,97,59594,62895,648
398,982,16372,65512,9,65526,0,2,714,104,59589,62903,649
382,910,16562,65512,9,65525,0,2,714,103,59584,62912,650
380,940,16556,65511,9,65525,0,2,714,104,59596,62909,651
378,942,16524,65511,9,65525,0,2,714,97,59587,62915,652
370,950,16498,65513,9,65524,0,2,714,98,59587,62925,653
360,902,16530,65511,8,65524,0,2,714,98,59594,62907,654
376,906,16546,65510,10,65525,0,2,714,90,59583,62931,655
428,898,16500,65512,10,65524,0,2,714,95,59574,62927,656
342,892,16482,65512,9,65524,0,2,714,102,59586,62931,657
382,912,16538,65513,8,65525,0,2,714,82,59593,62924,658
316,972,16440,65510,9,65526,0,2,714,93,59571,62929,659
372,938,16558,65512,9,65526,0,2,714,74,59569,62952,660
334,956,16482,65510,8,65527,0,2,714,109,59584,62930,661
318,920,16516,65512,9,65524,0,2,714,116,59569,62932,662
322,960,16476,65511,8,65524,0,2,714,100,59587,62934,663
374,962,16524,65512,11,65526,0,2,714,91,59580,62949,664
346,972,16562,65511,9,65525,0,2,715,101,59563,62933,665
436,866,16586,65510,8,65526,0,2,715,101,59557,62940,666
370,930,16580,65512,10,65524,0,2,715,106,59578,62911,667
370,956,16466,65511,8,65525,0,2,714,116,59569,62923,668
408,932,16508,65511,10,65526,0,2,714,83,59580,62938,669
374,1000,16432,65511,9,65524,0,2,714,102,59566,62940,670
422,976,16556,65512,11,65524,0,2,714,96,59565,62922,671
340,940,16584,65511,8,65525,0,2,715,109,59551,62946,672
340,952,16422,65511,9,65524,0,2,715,93,59576,62930,673
380,956,16382,65511,10,65525,0,2,715,83,59570,62950,674
316,928,16580,65513,9,65525,0,2,715,93,59571,62957,675
364,880,16558,65511,8,65525,0,2,715,105,59565,62953,676
322,892,16408,65511,10,65525,0,2,715,112,59565,62952,677
354,914,16608,65510,9,65525,0,2,715,104,59552,62924,678
344,956,16614,65511,10,65524,0,2,715,96,59569,62944,679
366,950,16552,65511,9,65525,0,2,715,87,59567,62962,680
412,940,16594,65509,10,65526,0,2,715,85,59560,62951,681
418,960,16618,65512,8,65524,0,2,715,101,59563,62935,682
356,916,16546,65510,9,65524,0,2,715,105,59558,62943,683
338,942,16468,65511,9,65525,0,2,715,103,59539,62943,684
378,872,16526,65512,9,65525,0,2,715,91,59550,62951,685
368,898,16500,65509,10,65525,0,2,715,101,59567,62943,686
400,912,16478,65510,10,65526,0,2,715,91,59548,62950,687
354,950,16414,65512,10,65525,0,2,715,84,59556,62962,688
332,944,16558,65513,9,65526,0,2,715,99,59568,62958,689
422,972,16634,65509,9,65524,0,2,715,118,59539,62958,690
340,928,16452,65512,8,65525,0,2,715,112,59544,62967,691
332,894,16528,65512,10,65524,0,2,715,92,59543,62960,692
340,932,16578,65513,8,65525,0,2,715,97,59532,62958,693
368,920,16436,65511,9,65524,0,2,715,94,59541,62972,694
382,992,16484,65512,9,65525,0,2,715,119,59552,62960,695
346,914,16456,65513,8,65526,0,2,715,114,59547,62970,696
306,986,16564,65511,9,65524,0,2,715,88,59536,62972,697
350,976,16528,65509,8,65524,0,2,715,85,59556,62960,698
356,978,16522,65512,9,65524,0,2,715,105,59533,62973,699
320,902,16542,65511,9,65524,0,2,715,105,59544,63008,700
410,940,16510,65512,9,65525,0,2,715,77,59552,62975,701
314,966,16472,65511,9,65526,0,2,715,97,59547,62963,702
344,924,16426,65509,9,65524,0,2,715,92,59536,62966,703
390,914,16588,65511,9,65526,0,2,715,90,59557,62965,704
412,958,16444,65511,8,65525,0,2,715,103,59551,62975,705
440,938,16460,65510,9,65525,0,2,715,99,59561,62946,706
362,984,16478,65512,9,65525,0,2,715,119,59539,62960,707
350,982,16556,65513,9,65525,0,2,715,110,59563,62985,708
372,938,16468,65513,8,65525,0,2,715,103,59549,62965,709
362,992,16604,65511,8,65525,0,2,715,116,59552,62947,710
338,902,16536,65512,8,65525,0,2,715,108,59544,62934,711
366,908,16550,65512,7,65524,0,2,715,102,59563,62945,712
338,1024,16522,65511,8,65525,0,2,715,100,59542,62946,713
376,922,16636,65512,9,65525,0,2,715,99,59570,62947,714
310,998,16500,65511,10,65525,0,2,715,98,59548,62959,715
326,980,16562,65510,10,65524,0,2,715,98,59554,62951,716
336,948,16524,65514,8,65526,0,2,715,103,59549,62951,717
382,908,16538,65512,10,65525,0,2,715,110,59555,62944,718
362,932,16550,65511,10,65526,0,2,715,106,59539,62949,719
382,914,16448,65512,8,65525,0,2,715,98,59567,62950,720
352,918,16490,65511,9,65526,0,2,715,92,59556,62939,721
330,918,16528,65510,9,65525,0,2,715,87,59555,62956,722
300,898,16490,65511,10,65524,0,2,715,100,59553,62953,723
356,898,16572,65512,10,65526,0,2,715,91,59547,62952,724
332,968,16542,65511,9,65526,0,2,715,102,59554,62967,725
332,932,16504,65513,10,65525,0,2,715,89,59530,62958,726
356,894,16426,65512,9,65524,0,2,715,93,59550,62975,727
328,924,16592,65511,8,65525,0,2,715,117,59545,62972,728
390,964,16560,65511,9,65524,0,2,715,103,59545,62953,729
386,958,16600,65513,9,65526,0,2,715,96,59559,62959,730
370,922,16540,65512,8,65525,0,2,715,96,59538,62964,731
364,958,16530,65512,8,65525,0,2,715,105,59555,62946,732
326,896,16614,65512,9,65526,0,2,715,101,59545,62959,733
364,966,16634,65511,9,65524,0,2,715,105,59559,62953,734
396,958,16480,65512,8,65524,0,2,715,119,59554,62943,735
312,938,16532,65511,9,65525,0,2,715,97,59567,62967,736
390,976,16502,65511,9,65525,0,2,715,96,59553,62955,737
414,912,16624,65513,8,65526,0,2,715,87,59547,62935,738
340,920,16570,65510,10,65526,0,2,715,102,59553,62955,739
398,948,16494,65512,9,65524,0,2,715,89,59551,62950,740
346,958,16504,65512,9,65524,0,2,715,93,59552,62963,741
376,928,16538,65512,9,65525,0,2,715,113,59556,62964,742
368,926,16582,65513,8,65524,0,2,715,83,59553,62960,743
348,896,16512,65510,9,65524,0,2,715,95,59576,62975,744
364,976,16506,65510,9,65525,0,2,715,116,59570,62955,745
336,906,16486,65510,9,65525,0,2,715,88,59545,62964,746
352,960,16476,65511,10,65524,0,2,715,107,59559,62967,747
360,908,16488,65512,10,65525,0,2,715,102,59545,62952,748
352,946,16542,65511,8,65525,0,2,715,97,59560,62977,749
348,942,16448,65512,9,65525,0,2,715,101,59556,62961,750
320,988,16538,65511,9,65525,0,2,715,119,59537,62947,751
390,908,16516,65514,9,65524,0,2,715,102,59555,62956,752
354,938,16650,65512,9,65525,0,2,715,91,59560,62967,753
366,918,16520,65512,11,65525,0,2,715,109,59547,62968,754
400,972,16408,65511,10,65527,0,2,715,97,59548,62944,755
388,950,16454,65513,8,65525,0,2,715,109,59557,62935,756
354,912,16568,65512,8,65524,0,2,715,92,59549,62969,757
388,934,16548,65512,8,65526,0,2,715,101,59559,62951,758
356,928,16576,65511,9,65526,0,2,715,69,59542,62952,759
370,1000,16564,65511,10,65525,0,2,715,104,59551,62958,760
346,904,16582,65512,9,65524,0,2,715,106,59547,62968,761
394,916,16502,65512,8,65526,0,2,715,99,59555,62965,762
352,948,16496,65512,8,65525,0,2,715,100,59547,62948,763
344,932,16500,65513,9,65524,0,2,715,86,59556,62936,764
360,948,16542,65514,10,65525,0,2,715,94,59555,62956,765
332,918,16422,65513,9,65525,0,2,715,121,59541,62962,766
326,980,16510,65513,8,65524,0,2,715,118,59554,62957,767
366,984,16490,65512,8,65524,0,2,715,102,59542,62945,768
408,1008,16608,65512,11,65525,0,2,715,111,59563,62951,769
358,972,16514,65512,10,65525,0,2,715,91,59570,62940,770
386,930,16550,65511,11,65526,0,2,715,101,59551,62943,771
372,892,16584,65511,8,65525,0,2,715,110,59561,62955,772
344,878,16580,65511,8,65525,0,2,715,102,59538,62950,773
354,912,16538,65510,8,65525,0,2,715,85,59545,62959,774
396,904,16548,65511,9,65525,0,2,715,87,59569,62945,775
424,934,16422,65511,10,65526,0,2,715,89,59559,62921,776
330,934,16504,65511,8,65526,0,2,715,108,59562,62953,777
362,916,16634,65512,9,65526,0,2,715,96,59552,62941,778
376,914,16582,65511,9,65525,0,2,715,98,59551,62945,779
308,920,16556,65511,9,65524,0,2,715,91,59561,62949,780
400,978,16466,65513,10,65525,0,2,715,83,59552,62955,781
366,884,16564,65512,11,65525,0,2,715,85,59565,62944,782
328,964,16462,65510,11,65525,0,2,715,123,59547,62957,783
372,896,16484,65511,8,65525,0,2,715,107,59534,62965,784
332,948,16578,65512,10,65524,0,2,715,113,59533,62975,785
398,894,16550,65511,8,65524,0,2,715,109,59556,62984,786
344,944,16560,65510,9,65525,0,2,715,102,59540,62964,787
386,940,16564,65512,10,65524,0,2,715,94,59547,62999,788
340,932,16554,65513,10,65524,0,2,715,107,59534,62989,789
396,948,16436,65511,9,65525,0,2,715,104,59539,62978,790
342,920,16488,65511,10,65525,0,2,715,112,59531,62999,791
448,908,16646,65511,10,65525,0,2,715,86,59549,62982,792
316,922,16554,65511,8,65525,0,2,715,103,59537,62974,793
340,950,16532,65511,9,65524,0,2,715,118,59542,62977,794
408,964,16628,65512,8,65526,0,2,715,110,59510,62982,795
336,894,16470,65512,9,65525,0,2,715,93,59542,63003,796
322,958,16518,65511,9,65524,0,2,715,112,59543,62993,797
426,944,16654,65512,8,65526,0,2,715,93,59541,62982,798
394,944,16574,65512,10,65526,0,2,715,89,59525,62998,799
352,890,16528,65511,8,65524,0,2,715,121,59536,63007,800
340,950,16484,65513,10,65526,0,2,715,104,59520,62989,801
366,1026,16476,65511,8,65525,0,2,715,99,59533,63006,802
368,900,16568,65511,9,65525,0,2,715,109,59513,63003,803
418,950,16474,65510,8,65524,0,2,715,101,59536,63004,804
392,924,16538,65512,9,65524,0,2,715,83,59547,63002,805
330,942,16532,65512,8,65524,0,2,715,101,59541,63020,806
388,918,16546,65510,10,65525,0,2,715,105,59532,63007,807
306,910,16572,65510,10,65525,0,2,715,95,59520,63017,808
352,952,16510,65511,9,65524,0,2,715,100,59518,63022,809
368,876,16572,65509,8,65526,0,2,715,109,59524,63033,810
352,958,16530,65511,8,65524,0,2,715,110,59506,63036,811
360,950,16486,65510,9,65525,0,2,715,101,59514,63017,812
354,988,16476,65512,10,65526,0,2,716,92,59509,63014,813
326,912,16594,65511,9,65525,0,2,716,100,59498,63038,814
378,932,16498,65512,9,65525,0,2,716,88,59508,63039,815
366,928,16596,65512,10,65525,0,2,716,87,59524,63059,816
344,970,16528,65511,9,65526,0,2,716,105,59534,63051,817
396,916,16550,65510,10,65526,0,2,716,97,59508,63027,818
362,930,16494,65513,8,65525,0,2,716,105,59513,63026,819
366,908,16530,65512,9,65525,0,2,716,97,59515,63041,820
404,988,16554,65512,10,65525,0,2,716,92,59507,63048,821
354,982,16480,65511,9,65525,0,2,716,97,59504,63030,822
402,952,16610,65511,8,65526,0,2,716,81,59519,63043,823
366,854,16550,65511,7,65524,0,2,716,116,59509,63054,824
386,986,16612,65512,10,65525,0,2,716,98,59514,63045,825
426,908,16548,65512,10,65525,0,2,716,95,59494,63046,826
336,960,16478,65511,9,65525,0,2,716,105,59510,63057,827
348,950,16606,65509,10,65525,0,2,716,102,59491,63052,828
336,952,16520,65512,9,65525,0,2,716,91,59504,63039,829
348,918,16590,65510,9,65525,0,2,716,96,59492,63047,830
376,958,16470,65512,8,65525,0,2,716,101,59494,63058,831
370,970,16512,65512,10,65524,0,2,716,100,59496,63051,832
404,978,16536,65511,8,65525,0,2,716,65,59520,63050,833
354,952,16508,65511,9,65526,0,2,716,98,59491,63071,834
408,998,16508,65512,9,65525,0,2,716,101,59502,63064,835
362,940,16438,65511,9,65526,0,2,716,87,59489,63063,836
364,942,16500,65512,9,65525,0,2,716,104,59506,63051,837
344,1000,16560,65512,9,65524,0,2,716,88,59498,63044,838
348,908,16570,65511,10,65524,0,2,716,124,59493,63079,839
334,936,16576,65512,9,65527,0,2,716,93,59499,63062,840
320,928,16474,65509,8,65524,0,2,716,88,59489,63068,841
378,958,16518,65512,8,65525,0,2,716,107,59500,63060,842
376,920,16598,65511,10,65524,0,2,716,94,59509,63065,843
312,880,16580,65510,10,65524,0,2,716,89,59497,63045,844
418,984,16514,65510,10,65524,0,2,716,87,59480,63068,845
350,932,16500,65511,10,65524,0,2,716,100,59502,63068,846
318,918,16548,65512,9,65526,0,2,716,116,59500,63053,847
376,968,16614,65511,10,65525,0,2,716,101,59506,63061,848
340,896,16472,65512,9,65525,0,2,716,98,59510,63032,849
392,922,16544,65512,9,65525,0,2,716,85,59524,63043,850
338,962,16522,65511,8,65525,0,2,716,98,59522,63037,851
340,952,16528,65511,9,65525,0,2,716,102,59509,63024,852
304,944,16444,65511,9,65526,0,2,716,110,59521,63016,853
416,1000,16542,65511,10,65525,0,2,716,99,59511,63025,854
298,940,16618,65511,8,65525,0,2,716,100,59500,63021,855
396,944,16500,65512,10,65526,0,2,716,91,59525,63046,856
366,904,16504,65512,9,65525,0,2,716,103,59511,63015,857
326,882,16558,65512,10,65526,0,2,716,91,59522,63032,858
366,940,16498,65510,11,65525,0,2,716,90,59535,63026,859
408,908,16496,65511,9,65524,0,2,716,107,59500,63027,860
336,884,16492,65510,7,65525,0,2,716,108,59526,63036,861
342,964,16626,65513,10,65525,0,2,716,104,59523,63032,862
378,908,16434,65510,9,65526,0,2,716,81,59512,63025,863
356,936,16554,65513,10,65524,0,2,716,102,59522,63021,864
330,988,16646,65513,10,65523,0,2,716,91,59520,63013,865
384,902,16444,65510,9,65525,0,2,716,107,59510,63015,866
354,942,16458,65512,10,65524,0,2,716,91,59517,63026,867
356,972,16568,65511,9,65525,0,2,716,94,59527,63036,868
410,934,16606,65513,8,65526,0,2,716,111,59527,63029,869
336,952,16470,65512,11,65524,0,2,716,81,59526,63020,870
374,892,16582,65511,10,65526,0,2,716,96,59513,63023,871
306,930,16620,65513,9,65525,0,2,716,110,59524,63020,872
320,970,16598,65511,9,65525,0,2,716,113,59530,63021,873
316,968,16506,65511,8,65525,0,2,716,112,59528,63012,874
396,918,16488,65511,10,65525,0,2,716,91,59533,62994,875
350,876,16556,65511,9,65525,0,2,716,111,59540,63001,876
354,910,16686,65510,10,65526,0,2,716,106,59547,63019,877
324,994,16510,65511,8,65524,0,2,716,105,59515,63001,878
386,962,16600,65512,10,65524,0,2,716,99,59525,62992,879
342,926,16470,65511,10,65525,0,2,716,100,59539,62993,880
310,886,16576,65511,9,65524,0,2,716,107,59530,62996,881
384,954,16596,65511,10,65525,0,2,716,98,59543,63000,882
346,956,16548,65513,8,65525,0,2,716,93,59540,62971,883
402,916,16458,65511,8,65526,0,2,716,110,59532,63006,884
322,922,16588,65512,9,65524,0,2,716,83,59537,63000,885
348,912,16566,65512,11,65525,0,2,716,94,59556,62996,886
344,934,16514,65511,9,65525,0,2,716,113,59548,63009,887
352,928,16492,65511,9,65524,0,2,716,95,59536,62983,888
350,964,16544,65510,10,65526,0,2,716,75,59539,62993,889
342,928,16500,65510,9,65524,0,2,716,98,59528,63001,890
346,916,16590,65512,10,65525,0,2,716,100,59548,63009,891
404,916,16514,65512,9,65526,0,2,716,92,59532,63020,892
360,944,16484,65511,9,65526,0,2,716,110,59541,63005,893
386,1026,16496,65511,11,65523,0,2,716,102,59522,62995,894
366,952,16554,65512,9,65525,0,2,716,103,59532,63016,895
424,948,16496,65510,10,65525,0,2,716,104,59546,63006,896
348,960,16582,65512,9,65525,0,2,716,91,59530,62989,897
350,926,16492,65511,9,65524,0,2,716,83,59551,63014,898
294,988,16542,65512,10,65525,0,2,716,120,59528,63006,899
364,922,16592,65510,10,65526,0,2,716,96,59543,62998,900
426,898,16604,65513,8,65525,0,2,716,100,59529,63002,901
340,970,16518,65511,9,65525,0,2,716,83,59533,62993,902
398,946,16496,65512,9,65523,0,2,716,101,59536,62988,903
356,908,16490,65513,7,65525,0,2,716,105,59543,63002,904
336,916,16536,65512,9,65524,0,2,716,95,59535,62995,905
320,934,16540,65511,10,65525,0,2,716,97,59508,62974,906
376,924,16556,65511,8,65524,0,2,716,98,59530,63001,907
354,898,16598,65513,10,65526,0,2,716,106,59551,62991,908
372,876,16498,65510,8,65525,0,2,716,107,59529,62989,909
356,974,16438,65511,9,65526,0,2,716,101,59547,63012,910
334,976,16542,65513,9,65525,0,2,716,115,59539,63006,911
358,980,16502,65511,10,65526,0,2,716,108,59520,63004,912
396,956,16500,65511,9,65525,0,2,716,102,59523,63014,913
354,912,16534,65512,8,65526,0,2,716,103,59527,63009,914
360,992,16520,65512,9,65524,0,2,716,89,59537,63005,915
404,954,16516,65511,9,65525,0,2,716,98,59517,63002,916
350,902,16496,65511,10,65525,0,2,716,109,59529,63016,917
316,934,16564,65511,9,65526,0,2,716,95,59520,63013,918
374,972,16522,65511,8,65524,0,2,716,87,59521,63019,919
318,966,16638,65512,9,65526,0,2,716,108,59526,63006,920
394,926,16564,65512,9,65524,0,2,716,120,59533,63037,921
396,934,16536,65512,10,65525,0,2,716,120,59516,63015,922
274,914,16492,65512,9,65525,0,2,716,83,59515,63019,923
376,950,16570,65512,10,65525,0,2,716,103,59513,63008,924
390,920,16478,65512,9,65524,0,2,716,90,59523,63031,925
390,938,16524,65511,8,65526,0,2,716,114,59542,63034,926
338,966,16522,65512,8,65526,0,2,716,94,59506,63036,927
340,898,16572,65511,9,65524,0,2,716,99,59521,63024,928
342,960,16454,65512,7,65525,0,2,716,110,59512,63032,929
342,984,16518,65513,9,65524,0,2,716,104,59519,63046,930
348,940,16498,65509,9,65523,0,2,716,107,59509,63031,931
388,972,16472,65511,8,65526,0,2,716,102,59525,63020,932
320,932,16510,65510,8,65524,0,2,716,104,59520,63032,933
378,960,16598,65512,9,65527,0,2,716,111,59510,63023,934
374,894,16596,65512,9,65525,0,2,716,106,59522,63015,935
354,946,16532,65511,9,65525,0,2,716,97,59519,63040,936
358,986,16454,65511,8,65525,0,2,716,101,59520,63024,937
316,916,16544,65509,9,65524,0,2,716,104,59516,63003,938
338,910,16534,65510,7,65525,0,2,716,100,59523,63010,939
426,1026,16486,65512,9,65524,0,2,716,90,59543,63011,940
334,918,16488,65510,8,65525,0,2,716,105,59537,63003,941
400,914,16442,65512,9,65525,0,2,716,104,59546,63002,942
326,974,16464,65512,9,65524,0,2,716,114,59530,62994,943
360,914,16626,65511,9,65525,0,2,716,137,59543,62996,944
342,938,16556,65512,9,65525,0,2,716,101,59528,62971,945
368,926,16562,65512,9,65525,0,2,716,112,59522,62988,946
338,894,16590,65513,9,65524,0,2,716,101,59533,62984,947
364,964,16506,65511,10,65525,0,2,716,108,59549,62974,948
366,934,16552,65512,8,65526,0,2,716,104,59554,62985,949
384,996,16618,65512,8,65524,0,2,716,97,59562,62994,950
336,898,16436,65511,8,65525,0,2,716,80,59551,62975,951
376,984,16426,65513,9,65525,0,2,716,122,59546,62968,952
370,1004,16588,65512,10,65525,0,2,716,113,59553,62984,953
354,964,16504,65511,8,65524,0,2,716,87,59549,62991,954
338,1008,16368,65512,9,65524,0,2,716,106,59559,62979,955
322,948,16616,65511,9,65525,0,2,716,104,59526,62977,956
348,998,16550,65511,9,65526,0,2,716,105,59569,62976,957
384,986,16492,65510,9,65525,0,2,716,86,59570,63004,958
382,944,16524,65511,8,65526,0,2,716,106,59550,62970,959
354,948,16512,65511,9,65525,0,2,716,94,59565,62968,960
342,954,16522,65512,9,65526,0,2,716,107,59564,62945,961
316,922,16454,65512,9,65525,0,2,716,89,59560,62945,962
394,960,16504,65511,9,65524,0,2,716,103,59553,62938,963
358,900,16508,65511,8,65524,0,2,716,106,59556,62942,964
372,932,16510,65510,8,65525,0,2,716,103,59560,62945,965
348,954,16372,65512,9,65524,0,2,716,107,59553,62950,966
370,932,16530,65513,10,65526,0,2,716,96,59569,62964,967
342,880,16524,65510,9,65524,0,2,716,111,59577,62961,968
358,930,16456,65511,9,65526,0,2,716,100,59569,62968,969
342,898,16548,65512,9,65524,0,2,716,96,59569,62967,970
386,922,16550,65509,9,65525,0,2,716,86,59561,62953,971
356,950,16516,65512,9,65524,0,2,716,86,59569,62960,972
396,942,16470,65510,9,65525,0,2,716,98,59566,62970,973
378,888,16636,65512,9,65524,0,2,716,111,59542,62974,974
376,890,16582,65511,8,65525,0,2,716,108,59556,62963,975
378,914,16440,65512,10,65525,0,2,716,98,59561,62977,976
368,930,16558,65513,10,65526,0,2,716,104,59564,62968,977
338,916,16500,65512,10,65526,0,2,716,92,59540,62948,978
406,918,16464,65512,9,65525,0,2,716,96,59572,62962,979
304,954,16482,65511,9,65525,0,2,716,97,59549,62960,980
376,900,16566,65512,10,65524,0,2,716,90,59556,62945,981
418,958,16488,65512,10,65525,0,2,716,102,59558,62952,982
362,958,16448,65512,8,65526,0,2,716,85,59570,62949,983
332,950,16422,65513,10,65524,0,2,716,103,59552,62944,984
332,956,16370,65512,10,65525,0,2,716,85,59559,62943,985
342,936,16476,65512,9,65525,0,2,716,98,59567,62948,986
392,946,16506,65510,9,65524,0,2,716,90,59546,62946,987
384,928,16488,65510,10,65526,0,2,716,98,59552,62954,988
320,912,16524,65511,9,65524,0,2,716,88,59568,62949,989
404,934,16506,65511,10,65525,0,2,716,102,59577,62935,990
404,986,16638,65511,9,65525,0,2,716,98,59564,62941,991
344,986,16488,65511,10,65525,0,2,716,93,59556,62952,992
352,978,16460,65513,10,65526,0,2,716,88,59558,62947,993
354,940,16568,65512,9,65524,0,2,716,90,59572,62911,994
318,904,16560,65513,10,65524,0,2,716,76,59586,62939,995
330,992,16546,65509,7,65525,0,2,716,87,59568,62935,996
468,936,16508,65510,11,65524,0,2,716,106,59565,62934,997
394,910,16560,65511,8,65526,0,2,716,107,59570,62936,998
348,950,16628,65511,9,65525,0,2,716,90,59565,62930,999
366,930,16500,65511,10,65525,0,2,716,91,59580,62944,1000
