350,942,16516,65512,9,65525,65535,4,767,87,59642,62826,1
282,894,16560,65512,8,65525,65535,4,767,104,59643,62832,2
266,916,16562,65510,8,65524,65535,4,767,106,59617,62840,3
314,886,16510,65509,10,65524,65535,4,767,104,59596,62837,4
306,948,16512,65510,8,65525,65535,4,767,110,59622,62828,5
258,910,16572,65512,9,65526,65535,4,767,99,59640,62829,6
302,924,16516,65512,10,65525,65535,4,767,89,59627,62833,7
304,872,16512,65510,7,65525,65535,4,767,100,59621,62826,8
312,906,16634,65510,11,65526,65535,4,767,96,59617,62839,9
256,874,16576,65512,8,65524,65535,4,767,89,59619,62858,10
290,972,16528,65512,9,65525,65535,4,767,90,59611,62848,11
300,908,16512,65510,9,65526,65535,4,767,113,59607,62837,12
290,848,16504,65512,9,65525,65535,4,767,98,59609,62841,13
310,890,16526,65511,10,65525,65535,4,767,98,59624,62848,14
318,924,16514,65511,11,65523,65535,4,767,93,59615,62824,15
340,862,16416,65512,9,65524,65535,4,767,95,59637,62846,16
296,866,16668,65512,8,65525,65535,4,767,102,59622,62844,17
292,924,16508,65513,9,65524,65535,4,767,109,59615,62834,18
310,890,16538,65510,9,65524,65535,4,767,89,59606,62805,19
240,882,16544,65512,10,65525,65535,4,767,91,59624,62804,20
374,884,16548,65511,11,65524,65535,4,767,105,59631,62840,21
292,896,16426,65512,10,65524,65535,4,767,95,59625,62812,22
340,916,16602,65511,9,65525,65535,4,767,105,59621,62813,23
200,918,16550,65511,9,65525,65535,4,767,104,59637,62827,24
326,868,16516,65511,9,65525,65535,4,767,98,59642,62808,25
318,890,16448,65512,9,65524,65535,4,767,114,59631,62803,26
296,862,16604,65511,8,65525,65535,4,767,111,59641,62818,27
332,932,16570,65511,8,65525,65535,4,767,107,59648,62813,28
274,912,16554,65511,7,65525,65535,4,767,96,59632,62826,29
310,932,16592,65509,6,65524,65535,4,767,104,59619,62814,30
304,870,16534,65513,9,65526,65535,4,767,102,59618,62814,31
340,872,16566,65510,8,65526,65535,4,767,89,59630,62819,32
344,934,16420,65511,8,65525,65535,4,767,81,59633,62819,33
302,910,16618,65512,9,65525,65535,4,767,100,59646,62808,34
288,844,16476,65511,9,65525,65535,4,767,113,59657,62811,35
284,846,16622,65511,9,65525,65535,4,767,135,59646,62798,36
336,904,16520,65511,9,65525,65535,4,767,105,59652,62811,37
280,924,16558,65511,10,65525,65535,4,767,96,59664,62823,38
300,842,16450,65511,8,65524,65535,4,767,95,59642,62809,39
330,884,16656,65510,10,65526,65535,4,767,89,59625,62824,40
318,888,16660,65512,9,65524,65535,4,767,89,59635,62817,41
340,882,16486,65512,8,65525,65535,4,767,94,59643,62807,42
340,866,16476,65513,9,65525,65535,4,767,85,59640,62807,43
262,910,16552,65512,9,65525,65535,4,767,82,59638,62811,44
308,892,16550,65512,9,65525,65535,4,767,96,59651,62808,45
236,886,16490,65509,11,65524,65535,4,767,97,59629,62825,46
298,892,16576,65511,10,65526,65535,4,767,86,59641,62819,47
284,830,16568,65512,8,65525,65535,4,767,97,59647,62809,48
330,876,16498,65511,10,65524,65535,4,767,111,59644,62814,49
358,892,16496,65509,9,65526,65535,4,767,95,59627,62818,50
242,928,16572,65511,10,65525,65535,4,767,83,59620,62822,51
336,926,16510,65510,10,65525,65535,4,767,84,59621,62838,52
334,866,16592,65512,10,65525,65535,4,767,86,59632,62840,53
314,910,16538,65512,9,65525,65535,4,767,100,59649,62826,54
308,932,16610,65512,8,65524,65535,4,767,95,59638,62819,55
294,894,16510,65510,9,65525,65535,4,768,99,59636,62819,56
288,940,16450,65512,9,65525,65535,4,768,91,59639,62830,57
334,924,16614,65512,9,65524,65535,4,768,95,59627,62822,58
292,882,16460,65511,6,65525,65535,4,768,103,59626,62831,59
276,958,16552,65511,10,65525,65535,4,768,108,59628,62834,60
322,858,16578,65510,9,65525,65535,4,768,89,59635,62827,61
338,932,16492,65511,8,65524,65535,4,768,88,59628,62820,62
334,856,16562,65512,10,65524,65535,4,768,97,59628,62812,63
310,938,16562,65512,9,65525,65535,4,768,97,59631,62824,64
294,912,16474,65510,9,65524,65535,4,768,103,59630,62806,65
292,934,16542,65511,10,65525,65535,4,768,114,59637,62822,66
296,928,16468,65512,9,65524,65535,4,768,102,59637,62842,67
272,962,16562,65511,8,65525,65535,4,768,106,59633,62847,68
264,944,16566,65511,10,65525,65535,4,768,101,59633,62845,69
290,904,16534,65511,10,65526,65535,4,768,116,59630,62843,70
314,852,16460,65511,9,65525,65535,4,768,117,59636,62855,71
314,882,16484,65510,10,65526,65535,4,768,102,59649,62839,72
384,894,16618,65511,8,65524,65535,4,768,97,59642,62833,73
298,890,16532,65512,11,65524,65535,4,768,82,59635,62861,74
280,930,16510,65510,10,65524,65535,4,768,82,59620,62849,75
310,934,16546,65510,9,65525,65535,4,768,98,59637,62832,76
284,912,16566,65511,9,65525,65535,4,768,95,59638,62852,77
350,900,16558,65510,10,65526,65535,4,768,99,59639,62861,78
270,920,16444,65511,10,65525,65535,4,768,99,59640,62873,79
292,930,16472,65510,10,65524,65535,4,768,111,59635,62855,80
328,848,16542,65512,9,65525,65535,4,768,109,59619,62847,81
344,934,16516,65511,7,65526,65535,4,768,109,59625,62841,82
338,882,16510,65511,10,65525,65535,4,768,111,59611,62838,83
278,898,16552,65512,9,65524,65535,4,768,103,59614,62854,84
312,884,16514,65510,7,65526,65535,4,768,105,59616,62851,85
292,894,16518,65511,9,65526,65535,4,768,106,59611,62854,86
292,942,16526,65512,9,65525,65535,4,768,93,59627,62862,87
300,898,16558,65511,10,65525,65535,4,768,94,59631,62854,88
318,834,16542,65512,8,65526,65535,4,768,93,59617,62864,89
310,884,16548,65510,8,65525,65535,4,768,111,59609,62855,90
308,880,16556,65510,8,65525,65535,4,768,102,59619,62842,91
312,870,16498,65511,10,65524,65535,4,768,96,59621,62858,92
312,916,16622,65513,10,65525,65535,4,768,95,59617,62858,93
292,924,16504,65510,10,65525,65535,4,768,88,59621,62857,94
266,856,16508,65512,9,65524,65535,4,768,110,59628,62856,95
278,930,16466,65511,10,65525,65535,4,768,112,59619,62852,96
358,912,16544,65509,9,65525,65535,4,768,99,59615,62859,97
278,896,16502,65511,9,65524,65535,4,768,77,59612,62860,98
346,868,16580,65512,9,65525,65535,4,768,87,59621,62858,99
274,920,16494,65511,11,65526,65535,4,768,85,59620,62834,100
282,884,16546,65513,9,65525,65535,4,768,92,59631,62840,101
322,944,16650,65510,9,65524,65535,4,768,93,59613,62846,102
288,922,16518,65512,8,65526,65535,4,768,89,59613,62847,103
326,914,16468,65512,8,65525,65535,4,768,97,59606,62864,104
292,872,16528,65512,9,65524,65535,4,768,107,59599,62866,105
334,890,16486,65512,8,65525,65535,4,768,98,59615,62843,106
288,874,16468,65509,9,65525,65535,4,768,95,59627,62831,107
296,920,16530,65511,8,65524,65535,4,768,86,59609,62838,108
290,908,16634,65512,8,65524,65535,4,768,104,59625,62861,109
316,970,16506,65511,8,65523,65535,4,768,106,59624,62854,110
362,886,16534,65511,8,65524,65535,4,768,95,59607,62858,111
350,932,16638,65511,10,65524,65535,4,768,101,59595,62837,112
318,874,16552,65511,9,65526,65535,4,768,97,59608,62847,113
284,868,16578,65511,9,65525,65535,4,768,96,59628,62851,114
288,880,16564,65510,11,65524,65535,4,768,87,59618,62855,115
328,896,16574,65512,8,65524,65535,4,768,81,59604,62842,116
324,932,16602,65513,10,65526,65535,4,768,90,59615,62842,117
268,954,16496,65511,10,65525,65535,4,768,91,59622,62835,118
310,836,16460,65511,9,65526,65535,4,768,99,59620,62840,119
270,876,16546,65511,9,65525,65535,4,768,91,59616,62849,120
284,874,16508,65510,8,65524,65535,4,768,87,59608,62852,121
342,926,16466,65510,10,65525,65535,4,768,88,59611,62843,122
314,922,16460,65511,8,65524,65535,4,768,104,59613,62852,123
272,940,16584,65512,9,65525,65535,4,768,96,59611,62871,124
316,874,16586,65512,10,65525,65535,4,768,92,59606,62867,125
280,926,16512,65511,10,65526,65535,4,768,101,59591,62863,126
224,898,16550,65510,8,65525,65535,4,768,118,59600,62874,127
278,902,16560,65510,9,65524,65535,4,768,122,59594,62852,128
242,894,16584,65512,9,65527,65535,4,768,107,59589,62873,129
334,886,16554,65510,8,65525,65535,4,768,82,59606,62866,130
298,912,16512,65511,9,65524,65535,4,768,80,59612,62879,131
296,932,16550,65512,8,65524,65535,4,768,78,59605,62865,132
294,888,16504,65511,9,65525,65535,4,768,94,59611,62861,133
280,888,16466,65511,9,65525,65535,4,768,102,59591,62867,134
248,902,16488,65509,8,65524,65535,4,768,103,59598,62875,135
336,928,16472,65511,10,65525,65535,4,768,90,59591,62867,136
352,848,16636,65512,10,65524,65535,4,768,104,59597,62850,137
318,914,16470,65512,9,65526,65535,4,768,92,59611,62834,138
340,942,16560,65509,9,65525,65535,4,768,110,59606,62846,139
320,942,16482,65509,9,65525,65535,4,768,113,59608,62849,140
282,892,16560,65511,9,65525,65535,4,768,93,59612,62864,141
328,914,16520,65510,9,65524,65535,4,768,100,59604,62849,142
284,920,16484,65513,9,65526,65535,4,768,89,59617,62856,143
328,902,16678,65512,9,65525,65535,4,768,100,59608,62856,144
314,818,16588,65512,8,65523,65535,4,768,101,59601,62874,145
318,902,16530,65510,9,65525,65535,4,768,106,59594,62874,146
264,954,16538,65511,10,65524,65535,4,768,91,59606,62866,147
274,938,16566,65512,10,65526,65535,4,768,113,59595,62880,148
322,894,16522,65510,9,65525,65535,4,768,112,59608,62880,149
306,896,16542,65511,10,65525,65535,4,768,101,59622,62886,150
308,878,16640,65511,9,65525,65535,4,768,113,59628,62876,151
394,944,16588,65511,9,65524,65535,4,768,114,59622,62873,152
330,884,16548,65511,9,65525,65535,4,768,95,59621,62859,153
326,924,16470,65511,9,65525,65535,4,768,99,59611,62867,154
296,932,16480,65512,10,65525,65535,4,768,87,59610,62886,155
320,902,16564,65512,8,65524,65535,4,768,95,59607,62890,156
342,928,16604,65511,8,65526,65535,4,768,88,59612,62873,157
334,886,16600,65511,9,65525,65535,4,768,88,59621,62867,158
296,916,16492,65511,9,65524,65535,4,768,90,59614,62869,159
276,862,16586,65511,9,65525,65535,4,768,90,59602,62885,160
272,886,16482,65512,9,65525,65535,4,768,99,59601,62895,161
326,898,16510,65512,8,65525,65535,4,768,107,59598,62902,162
314,950,16490,65511,10,65525,65535,4,768,92,59599,62890,163
236,904,16542,65509,10,65525,65535,4,768,91,59601,62877,164
292,844,16534,65511,8,65525,65535,4,768,95,59603,62898,165
314,844,16510,65511,9,65524,65535,4,768,91,59604,62897,166
292,934,16594,65511,9,65525,65535,4,768,94,59603,62901,167
352,958,16554,65511,8,65523,65535,4,768,108,59599,62881,168
262,888,16484,65511,8,65526,65535,4,768,100,59590,62880,169
288,870,16534,65510,10,65525,65535,4,768,94,59608,62891,170
276,926,16466,65512,9,65525,65535,4,768,90,59615,62886,171
292,890,16444,65512,10,65525,65535,4,768,100,59618,62889,172
278,884,16504,65510,9,65524,65535,4,768,100,59595,62901,173
308,918,16594,65511,9,65526,65535,4,768,114,59594,62885,174
308,874,16550,65511,9,65525,65535,4,768,117,59590,62887,175
312,974,16514,65511,9,65525,65535,4,768,111,59599,62905,176
336,924,16530,65511,8,65526,65535,4,768,97,59579,62900,177
270,896,16526,65511,10,65525,65535,4,768,105,59571,62901,178
320,946,16548,65512,9,65524,65535,4,768,103,59593,62899,179
300,904,16500,65512,9,65525,65535,4,768,101,59586,62898,180
290,854,16534,65512,9,65525,65535,4,768,101,59589,62908,181
276,878,16544,65512,10,65525,65535,4,768,98,59580,62904,182
320,986,16594,65510,9,65526,65535,4,768,90,59584,62911,183
302,846,16598,65511,9,65524,65535,4,768,102,59591,62896,184
310,914,16522,65511,9,65525,65535,4,768,105,59593,62886,185
290,846,16542,65511,10,65525,65535,4,768,101,59587,62904,186
300,890,16606,65510,9,65525,65535,4,768,105,59570,62893,187
294,910,16628,65512,10,65525,65535,4,768,103,59566,62896,188
374,876,16494,65512,10,65524,65535,4,768,96,59592,62904,189
284,876,16540,65510,8,65525,65535,4,768,112,59585,62914,190
258,924,16506,65512,10,65524,65535,4,768,103,59593,62926,191
306,920,16448,65511,11,65524,65535,4,768,99,59589,62920,192
256,922,16486,65512,9,65525,65535,4,768,93,59581,62927,193
324,868,16542,65510,9,65524,65535,4,768,93,59594,62916,194
242,916,16474,65510,10,65525,65535,4,768,112,59585,62902,195
294,928,16538,65509,10,65524,65535,4,768,104,59591,62928,196
314,860,16528,65512,10,65525,65535,4,768,105,59609,62931,197
322,914,16518,65510,9,65524,65535,4,768,114,59603,62912,198
314,906,16520,65510,9,65524,65535,4,768,106,59583,62894,199
324,908,16588,65512,10,65524,65535,4,768,114,59586,62883,200
328,878,16478,65512,10,65524,65535,4,768,110,59585,62903,201
310,932,16542,65510,9,65526,65535,4,768,92,59604,62922,202
274,950,16534,65512,9,65524,65535,4,768,88,59592,62927,203
320,920,16588,65511,10,65526,65535,4,768,98,59575,62920,204
308,910,16620,65511,9,65525,65535,4,768,110,59580,62919,205
358,854,16426,65512,10,65525,65535,4,768,106,59578,62918,206
292,878,16574,65511,9,65525,65535,4,768,105,59582,62911,207
336,898,16454,65511,9,65525,65535,4,768,89,59591,62895,208
270,896,16578,65510,9,65524,65535,4,768,104,59587,62901,209
260,880,16534,65511,10,65526,65535,4,768,102,59578,62902,210
274,892,16514,65511,8,65524,65535,4,768,101,59580,62916,211
316,902,16524,65511,9,65524,65535,4,768,103,59570,62900,212
284,910,16512,65513,9,65526,65535,4,768,98,59582,62893,213
308,916,16576,65510,8,65526,65535,4,768,106,59598,62902,214
340,900,16556,65510,8,65525,65535,4,768,108,59606,62900,215
330,886,16564,65511,9,65525,65535,4,768,101,59603,62890,216
330,830,16522,65511,9,65525,65535,4,768,106,59587,62902,217
296,862,16516,65511,10,65523,65535,4,768,98,59596,62917,218
294,924,16582,65511,9,65524,65535,4,768,93,59606,62912,219
266,850,16528,65512,9,65524,65535,4,768,91,59605,62898,220
264,906,16480,65511,7,65525,65535,4,768,98,59598,62900,221
322,910,16596,65512,8,65525,65535,4,768,101,59602,62908,222
316,886,16518,65511,8,65524,65535,4,768,86,59597,62909,223
314,880,16604,65512,8,65526,65535,4,768,82,59604,62894,224
268,898,16558,65510,9,65525,65535,4,768,111,59606,62898,225
362,940,16484,65512,8,65524,65535,4,768,112,59608,62898,226
238,952,16490,65512,9,65526,65535,4,768,101,59597,62895,227
332,884,16530,65512,9,65526,65535,4,768,95,59577,62894,228
340,870,16556,65510,10,65522,65535,4,768,91,59592,62885,229
280,874,16510,65512,9,65526,65535,4,768,108,59604,62872,230
300,940,16590,65511,8,65525,65535,4,768,99,59602,62873,231
286,908,16478,65510,10,65523,65535,4,768,98,59575,62864,232
308,900,16544,65511,10,65523,65535,4,768,89,59591,62871,233
272,870,16594,65511,9,65525,65535,4,768,95,59603,62895,234
274,846,16564,65511,8,65526,65535,4,768,105,59588,62911,235
292,916,16466,65511,9,65525,65535,4,768,98,59599,62895,236
318,946,16640,65510,8,65524,65535,4,768,110,59589,62875,237
358,898,16604,65511,9,65525,65535,4,768,93,59591,62879,238
284,840,16568,65510,9,65524,65535,4,768,88,59590,62866,239
270,926,16580,65511,7,65525,65535,4,768,110,59588,62887,240
348,890,16506,65511,7,65525,65535,4,768,111,59607,62880,241
286,940,16506,65510,9,65524,65535,4,768,93,59601,62871,242
308,938,16542,65510,10,65525,65535,4,768,94,59600,62892,243
250,890,16540,65512,10,65525,65535,4,768,107,59618,62878,244
274,890,16626,65512,8,65525,65535,4,768,100,59618,62885,245
308,932,16584,65512,9,65524,65535,4,768,103,59603,62905,246
302,888,16622,65511,10,65525,65535,4,768,100,59598,62895,247
298,858,16522,65513,10,65524,65535,4,768,87,59611,62875,248
308,880,16554,65511,8,65524,65535,4,768,82,59613,62885,249
310,842,16534,65511,9,65525,65535,4,768,74,59611,62880,250
316,948,16552,65510,10,65524,65535,4,768,80,59592,62889,251
258,916,16630,65512,9,65524,65535,4,768,91,59592,62893,252
324,944,16446,65511,8,65524,65535,4,768,88,59597,62906,253
328,884,16552,65511,11,65524,65535,4,768,99,59591,62889,254
316,878,16580,65510,9,65525,65535,4,768,107,59598,62892,255
326,914,16508,65512,10,65526,65535,4,768,122,59571,62922,256
316,870,16502,65512,10,65525,65535,4,768,101,59585,62933,257
336,892,16490,65512,9,65525,65535,4,768,83,59586,62915,258
346,908,16578,65510,9,65525,65535,4,768,88,59564,62921,259
306,954,16482,65511,10,65525,65535,4,768,81,59557,62909,260
328,866,16566,65511,10,65526,65535,4,768,92,59565,62908,261
286,916,16442,65510,9,65524,65535,4,768,89,59569,62924,262
282,902,16486,65512,9,65525,65535,4,768,95,59578,62926,263
354,876,16524,65510,9,65525,65535,4,768,98,59574,62925,264
328,920,16564,65512,9,65525,65535,4,768,90,59567,62925,265
264,914,16608,65510,9,65523,65535,4,768,107,59563,62952,266
332,912,16530,65512,10,65525,65535,4,768,112,59559,62958,267
312,924,16502,65511,9,65525,65535,4,768,107,59562,62932,268
244,906,16562,65510,9,65525,65535,4,768,106,59563,62927,269
318,848,16482,65512,8,65525,65535,4,768,98,59562,62954,270
312,914,16480,65510,9,65524,65535,4,768,110,59545,62968,271
298,916,16530,65511,10,65523,65535,4,768,114,59548,62960,272
324,890,16520,65511,10,65526,65535,4,768,106,59570,62955,273
290,892,16506,65511,7,65524,65535,4,768,97,59573,62954,274
284,864,16624,65511,9,65525,65535,4,768,105,59589,62959,275
294,906,16508,65511,10,65526,65535,4,768,107,59581,62949,276
300,936,16562,65511,8,65524,65535,4,768,80,59569,62939,277
264,916,16568,65511,10,65524,65535,4,768,93,59565,62948,278
304,898,16530,65510,10,65524,65535,4,768,106,59562,62947,279
288,958,16512,65509,9,65526,65535,4,768,109,59560,62945,280
270,898,16490,65512,9,65525,65535,4,768,106,59563,62956,281
286,906,16480,65510,8,65523,65535,4,768,97,59557,62957,282
266,942,16528,65511,10,65524,65535,4,768,92,59569,62950,283
318,944,16602,65510,9,65527,65535,4,768,99,59563,62936,284
314,916,16508,65512,10,65525,65535,4,768,104,59582,62944,285
312,938,16568,65509,8,65525,65535,4,768,111,59576,62948,286
328,892,16500,65511,8,65525,65535,4,768,99,59569,62935,287
302,888,16562,65511,8,65524,65535,4,768,98,59561,62935,288
308,928,16490,65512,8,65525,65535,4,768,102,59574,62949,289
346,924,16674,65511,10,65524,65535,4,768,92,59555,62940,290
274,912,16570,65511,9,65525,65535,4,768,99,59569,62947,291
386,896,16564,65512,10,65525,65535,4,768,101,59568,62951,292
318,862,16588,65510,9,65526,65535,4,768,93,59562,62947,293
348,868,16580,65512,8,65525,65535,4,768,104,59559,62933,294
278,874,16486,65511,8,65525,65535,4,768,107,59560,62948,295
302,860,16594,65512,9,65525,65535,4,768,96,59578,62950,296
296,936,16572,65511,10,65524,65535,4,768,86,59577,62957,297
284,934,16504,65513,9,65525,65535,4,768,96,59570,62968,298
294,836,16450,65511,9,65525,65535,4,768,87,59565,62953,299
296,872,16548,65510,10,65525,65535,4,768,94,59565,62944,300
292,930,16530,65511,10,65525,65535,4,768,102,59567,62950,301
280,912,16424,65511,9,65525,65535,4,768,96,59570,62967,302
324,910,16498,65510,10,65526,65535,4,768,93,59568,62975,303
312,864,16538,65510,8,65523,65535,4,768,96,59575,62966,304
336,896,16574,65511,10,65525,65535,4,768,100,59570,62966,305
274,956,16610,65510,8,65526,65535,4,768,109,59560,62960,306
374,890,16514,65511,8,65524,65535,4,768,122,59566,62946,307
280,920,16588,65512,9,65525,65535,4,768,108,59575,62969,308
356,908,16592,65511,7,65524,65535,4,768,99,59560,62980,309
334,888,16624,65512,10,65523,65535,4,768,107,59558,62962,310
246,902,16516,65512,10,65525,65535,4,768,107,59554,62968,311
334,884,16536,65510,9,65525,65535,4,768,107,59570,62968,312
282,838,16472,65513,10,65524,65535,4,768,113,59580,62971,313
288,846,16472,65512,8,65525,65535,4,768,105,59556,62970,314
286,888,16532,65510,9,65525,65535,4,768,95,59554,62949,315
290,892,16564,65513,8,65525,65535,4,768,99,59562,62954,316
232,920,16542,65512,9,65524,65535,4,768,119,59580,62976,317
260,850,16474,65510,9,65525,65535,4,768,100,59576,62968,318
288,852,16564,65511,10,65525,65535,4,768,86,59569,62965,319
332,882,16518,65511,9,65525,65535,4,768,107,59567,62966,320
286,928,16480,65511,8,65525,65535,4,768,101,59564,62961,321
290,862,16494,65511,9,65525,65535,4,768,97,59553,62963,322
318,876,16574,65512,9,65524,65535,4,768,100,59555,62981,323
330,902,16528,65512,10,65525,65535,4,768,95,59563,62965,324
274,878,16556,65512,8,65525,65535,4,768,99,59559,62954,325
238,948,16520,65511,8,65525,65535,4,768,94,59570,62971,326
280,888,16612,65511,10,65524,65535,4,768,97,59561,62970,327
276,856,16540,65511,9,65526,65535,4,768,101,59573,62954,328
300,842,16444,65512,9,65525,65535,4,768,95,59579,62963,329
294,908,16580,65512,10,65525,65535,4,768,99,59575,62971,330
324,896,16524,65513,8,65525,65535,4,768,98,59582,62963,331
262,914,16564,65510,10,65525,65535,4,768,92,59566,62961,332
276,924,16610,65511,7,65525,65535,4,768,95,59543,62963,333
324,906,16552,65512,10,65525,65535,4,768,100,59554,62967,334
280,910,16488,65510,9,65525,65535,4,768,106,59546,62957,335
252,936,16524,65513,9,65524,65535,4,768,123,59568,62961,336
318,942,16570,65511,9,65524,65535,4,768,123,59588,62981,337
316,954,16554,65512,10,65525,65535,4,768,111,59568,62969,338
266,938,16566,65511,8,65526,65535,4,768,109,59562,62966,339
272,866,16590,65511,10,65525,65535,4,768,101,59542,62968,340
348,928,16530,65512,10,65525,65535,4,768,107,59539,62962,341
312,972,16542,65513,8,65526,65535,4,768,118,59553,62961,342
328,920,16640,65512,11,65525,65535,4,768,108,59553,62971,343
350,936,16512,65511,9,65523,65535,4,768,85,59558,62972,344
330,938,16500,65511,10,65524,65535,4,768,89,59557,62984,345
356,926,16626,65512,8,65525,65535,4,768,95,59573,62977,346
298,896,16454,65511,8,65526,65535,4,768,82,59565,62956,347
252,940,16524,65510,9,65524,65535,4,768,89,59544,62956,348
296,896,16480,65512,10,65526,65535,4,768,103,59557,62973,349
250,918,16574,65511,10,65525,65535,4,768,99,59564,62974,350
292,858,16546,65511,9,65526,65535,4,768,99,59547,62952,351
344,862,16598,65512,8,65525,65535,4,768,108,59550,62950,352
262,892,16518,65513,10,65524,65535,4,768,99,59541,62972,353
330,920,16628,65513,9,65526,65535,4,768,106,59542,62963,354
340,860,16548,65511,8,65526,65535,4,768,113,59557,62965,355
336,914,16544,65510,10,65525,65535,4,768,106,59564,62950,356
258,892,16596,65512,10,65525,65535,4,768,82,59565,62953,357
282,914,16432,65512,9,65524,65535,4,768,96,59552,62966,358
270,908,16450,65512,8,65525,65535,4,768,106,59550,62969,359
326,912,16512,65510,8,65524,65535,4,768,110,59543,62974,360
324,930,16510,65511,10,65525,65535,4,768,127,59547,62986,361
274,878,16598,65512,8,65524,65535,4,768,122,59554,62997,362
344,878,16546,65512,9,65524,65535,4,768,90,59536,62988,363
320,906,16618,65512,9,65525,65535,4,768,93,59536,62977,364
354,894,16482,65510,8,65525,65535,4,768,105,59535,62972,365
368,894,16546,65510,9,65525,65535,4,768,108,59547,62966,366
280,926,16558,65512,8,65524,65535,4,768,103,59537,62979,367
318,870,16474,65511,8,65525,65535,4,768,102,59552,62988,368
298,888,16462,65511,8,65524,65535,4,768,89,59558,62989,369
268,856,16654,65513,9,65524,65535,4,768,77,59553,63012,370
298,880,16524,65512,8,65525,65535,4,768,90,59537,63014,371
264,914,16524,65512,10,65525,65535,4,768,88,59530,63010,372
284,898,16588,65511,8,65522,65535,4,768,107,59533,63007,373
288,908,16570,65513,8,65524,65535,4,768,122,59524,63007,374
314,924,16448,65513,9,65526,65535,4,768,107,59535,63006,375
302,814,16482,65512,8,65525,65535,4,768,103,59545,63001,376
334,912,16484,65513,8,65526,65535,4,768,84,59552,63021,377
320,902,16510,65510,9,65524,65535,4,768,93,59536,63030,378
270,926,16556,65512,9,65525,65535,4,768,101,59545,63037,379
320,924,16554,65511,8,65525,65535,4,768,92,59548,63025,380
378,806,16514,65510,9,65525,65535,4,768,104,59537,63003,381
294,884,16526,65512,10,65524,65535,4,768,90,59511,63016,382
316,882,16464,65511,10,65524,65535,4,768,100,59517,63020,383
350,812,16608,65512,10,65526,65535,4,768,92,59525,63030,384
324,896,16518,65510,7,65523,65535,4,768,86,59522,63034,385
322,880,16572,65511,10,65523,65535,4,768,104,59528,63024,386
322,928,16426,65513,9,65524,65535,4,768,107,59526,63035,387
318,918,16522,65510,10,65524,65535,4,768,125,59526,63025,388
196,924,16644,65512,9,65525,65535,4,768,126,59517,63013,389
286,946,16576,65512,9,65525,65535,4,768,113,59514,63026,390
298,954,16496,65511,8,65526,65535,4,768,104,59526,63033,391
322,910,16580,65512,9,65526,65535,4,768,107,59530,63031,392
296,852,16500,65511,9,65526,65535,4,768,106,59529,63044,393
336,870,16518,65512,8,65525,65535,4,768,115,59520,63068,394
292,906,16494,65511,9,65525,65535,4,768,113,59518,63066,395
266,868,16524,65511,9,65524,65535,4,768,97,59496,63030,396
296,914,16482,65512,8,65525,65535,4,768,112,59505,63029,397
268,868,16514,65511,8,65524,65535,4,768,100,59508,63055,398
270,918,16470,65512,9,65525,65535,4,768,93,59511,63036,399
310,882,16462,65511,9,65525,65535,4,768,108,59509,63031,400
286,920,16562,65512,8,65525,65535,4,768,106,59526,63040,401
264,842,16510,65512,9,65526,65535,4,768,118,59523,63033,402
280,894,16606,65511,9,65525,65535,4,768,108,59507,63050,403
336,938,16558,65512,10,65526,65535,4,768,108,59496,63060,404
328,830,16536,65511,9,65524,65535,4,768,111,59502,63043,405
292,912,16498,65511,9,65523,65535,4,768,110,59512,63032,406
352,932,16438,65510,8,65526,65535,4,768,112,59496,63027,407
316,896,16542,65510,9,65525,65535,4,768,101,59498,63043,408
306,910,16542,65511,10,65525,65535,4,768,97,59516,63035,409
316,900,16586,65512,10,65523,65535,4,768,90,59513,63056,410
290,908,16576,65512,8,65524,65535,4,768,91,59507,63064,411
278,914,16562,65511,9,65525,65535,4,768,114,59497,63043,412
278,968,16608,65511,10,65526,65535,4,768,107,59502,63062,413
330,902,16554,65509,9,65525,65535,4,768,105,59506,63059,414
280,916,16472,65512,9,65525,65535,4,768,106,59504,63049,415
276,882,16566,65512,9,65526,65535,4,768,104,59499,63056,416
278,984,16568,65511,8,65525,65535,4,768,98,59506,63048,417
318,878,16562,65512,9,65525,65535,4,768,84,59494,63054,418
244,928,16560,65511,9,65524,65535,4,768,97,59507,63046,419
338,890,16626,65510,9,65526,65535,4,768,119,59536,63039,420
274,862,16600,65511,8,65525,65535,4,768,119,59514,63030,421
264,910,16578,65510,9,65524,65535,4,768,104,59497,63048,422
336,868,16568,65511,9,65525,65535,4,769,103,59514,63054,423
322,904,16484,65511,9,65525,65535,4,769,117,59526,63044,424
320,970,16530,65511,7,65524,65535,4,769,131,59516,63042,425
296,878,16538,65512,10,65526,65535,4,769,109,59503,63041,426
276,898,16460,65510,8,65523,65535,4,769,96,59516,63047,427
272,908,16590,65511,9,65526,65535,4,769,93,59521,63041,428
310,922,16564,65510,9,65525,65535,4,769,107,59500,63040,429
368,900,16608,65511,10,65525,65535,4,769,117,59504,63043,430
332,900,16496,65510,9,65524,65535,4,769,102,59505,63061,431
284,880,16544,65512,9,65526,65535,4,769,97,59510,63050,432
304,908,16512,65511,10,65526,65535,4,769,114,59512,63053,433
330,896,16464,65510,9,65525,65535,4,769,99,59524,63059,434
266,878,16548,65511,8,65525,65535,4,769,122,59522,63075,435
304,920,16550,65512,8,65524,65535,4,769,113,59506,63073,436
278,900,16498,65511,10,65524,65535,4,769,94,59508,63062,437
368,906,16616,65512,10,65524,65535,4,769,102,59507,63090,438
288,868,16490,65511,10,65525,65535,4,769,104,59513,63081,439
320,894,16474,65511,10,65525,65535,4,769,104,59512,63065,440
296,894,16566,65512,8,65525,65535,4,769,111,59495,63057,441
254,910,16580,65511,10,65526,65535,4,769,114,59487,63066,442
320,916,16510,65511,9,65526,65535,4,769,103,59491,63068,443
368,916,16522,65511,8,65525,65535,4,769,87,59492,63067,444
350,886,16458,65511,9,65525,65535,4,769,93,59502,63059,445
294,808,16546,65512,9,65527,65535,4,769,109,59497,63052,446
284,942,16630,65512,9,65525,65535,4,769,99,59497,63068,447
322,950,16538,65510,8,65524,65535,4,769,95,59499,63072,448
366,864,16540,65512,8,65524,65535,4,769,89,59490,63064,449
286,906,16580,65511,8,65525,65535,4,769,89,59491,63073,450
256,974,16558,65512,9,65523,65535,4,769,88,59500,63067,451
298,884,16488,65512,10,65523,65535,4,769,115,59508,63063,452
282,914,16602,65512,10,65525,65535,4,769,115,59504,63047,453
318,908,16522,65512,9,65525,65535,4,769,128,59500,63047,454
348,938,16460,65510,8,65525,65535,4,769,124,59498,63055,455
250,962,16510,65511,10,65525,65535,4,769,115,59504,63066,456
302,932,16618,65512,8,65525,65535,4,769,102,59498,63055,457
310,884,16536,65511,9,65524,65535,4,769,91,59494,63048,458
320,890,16558,65511,9,65525,65535,4,769,115,59500,63035,459
204,914,16526,65512,7,65525,65535,4,769,131,59517,63039,460
308,884,16500,65511,9,65526,65535,4,769,109,59513,63051,461
284,884,16468,65511,9,65525,65535,4,769,82,59503,63044,462
312,904,16548,65510,8,65524,65535,4,769,100,59501,63046,463
314,862,16568,65511,9,65524,65535,4,769,112,59501,63028,464
270,894,16544,65511,9,65525,65535,4,769,106,59503,63040,465
292,904,16526,65511,8,65525,65535,4,769,106,59508,63064,466
262,906,16518,65512,11,65524,65535,4,769,113,59501,63046,467
298,898,16500,65510,9,65524,65535,4,769,112,59518,63047,468
274,908,16526,65512,9,65525,65535,4,769,111,59525,63061,469
296,908,16682,65510,10,65525,65535,4,769,118,59498,63047,470
338,832,16478,65510,9,65526,65535,4,769,110,59497,63025,471
274,840,16596,65508,6,65524,65535,4,769,103,59520,63019,472
312,926,16570,65512,9,65526,65535,4,769,100,59518,63020,473
314,874,16480,65511,10,65524,65535,4,769,83,59521,63015,474
334,886,16508,65510,10,65524,65535,4,769,100,59505,63030,475
290,872,16542,65511,9,65526,65535,4,769,107,59491,63024,476
296,884,16478,65511,8,65524,65535,4,769,114,59516,63020,477
286,874,16592,65511,9,65526,65535,4,769,108,59517,63020,478
292,898,16600,65511,8,65526,65535,4,769,103,59510,63029,479
324,854,16524,65511,8,65525,65535,4,769,80,59508,63035,480
286,902,16492,65512,8,65524,65535,4,769,91,59526,63022,481
314,876,16590,65512,8,65524,65535,4,769,91,59525,63021,482
280,860,16448,65511,10,65524,65535,4,769,83,59514,63030,483
312,860,16532,65512,8,65526,65535,4,769,88,59528,63045,484
302,936,16518,65512,10,65526,65535,4,769,91,59519,63047,485
308,854,16594,65510,8,65527,65535,4,769,90,59518,63017,486
274,878,16494,65510,9,65524,65535,4,769,108,59539,63030,487
316,894,16528,65511,8,65525,65535,4,769,96,59530,63035,488
280,906,16470,65511,9,65523,65535,4,769,78,59517,63017,489
320,816,16488,65510,8,65525,65535,4,769,85,59513,63030,490
216,924,16546,65513,10,65524,65535,4,769,78,59516,63044,491
338,902,16544,65513,10,65525,65535,4,769,117,59529,63058,492
306,900,16484,65510,8,65526,65535,4,769,103,59516,63038,493
310,880,16560,65512,7,65526,65535,4,769,102,59519,63027,494
296,910,16594,65513,9,65525,65535,4,769,99,59519,63028,495
302,904,16434,65513,9,65525,65535,4,769,95,59519,63033,496
308,888,16506,65511,9,65525,65535,4,769,94,59519,63033,497
304,964,16554,65511,9,65524,65535,4,769,101,59511,63033,498
324,952,16486,65512,8,65525,65535,4,769,104,59513,63031,499
264,902,16458,65511,8,65525,65535,4,769,88,59518,63034,500
278,902,16610,65511,10,65525,65535,4,769,93,59508,63030,501
346,870,16520,65511,9,65525,65535,4,769,107,59516,63040,502
318,882,16542,65509,8,65525,65535,4,769,91,59518,63026,503
310,898,16554,65511,9,65524,65535,4,769,89,59517,63005,504
320,918,16650,65510,8,65525,65535,4,769,99,59512,63013,505
272,902,16496,65510,9,65525,65535,4,769,100,59518,63022,506
268,896,16460,65511,9,65524,65535,4,769,93,59524,63020,507
276,942,16654,65510,9,65525,65535,4,769,90,59529,62993,508
346,938,16580,65512,9,65524,65535,4,769,107,59509,62999,509
210,916,16496,65511,9,65525,65535,4,769,105,59512,62995,510
276,882,16482,65510,9,65525,65535,4,769,94,59542,63010,511
228,934,16502,65512,8,65524,65535,4,769,95,59546,63015,512
304,888,16596,65512,8,65524,65535,4,769,115,59520,63023,513
268,894,16568,65511,10,65525,65535,4,769,119,59533,63004,514
298,948,16440,65512,8,65525,65535,4,769,97,59519,62994,515
338,862,16596,65513,9,65525,65535,4,769,103,59519,62988,516
264,910,16596,65512,9,65525,65535,4,769,114,59534,63002,517
284,902,16484,65510,8,65525,65535,4,769,95,59533,63001,518
298,906,16604,65511,9,65526,65535,4,769,101,59521,63011,519
276,894,16684,65513,10,65524,65535,4,769,113,59517,63021,520
300,866,16510,65512,9,65526,65535,4,769,113,59524,63034,521
290,932,16514,65512,9,65525,65535,4,769,110,59520,63039,522
222,904,16534,65511,9,65525,65535,4,769,97,59516,63026,523
344,838,16570,65512,8,65525,65535,4,769,108,59516,63031,524
310,894,16576,65511,9,65525,65535,4,769,92,59512,63023,525
314,906,16450,65512,9,65525,65535,4,769,89,59510,63021,526
286,890,16542,65510,9,65525,65535,4,769,96,59512,63032,527
322,876,16618,65513,9,65525,65535,4,769,97,59518,63028,528
294,918,16484,65511,7,65523,65535,4,769,102,59514,63017,529
314,906,16488,65511,8,65524,65535,4,769,110,59501,63022,530
322,898,16562,65511,8,65525,65535,4,769,105,59511,63018,531
264,934,16590,65512,9,65525,65535,4,769,97,59520,63010,532
378,900,16564,65512,8,65524,65535,4,769,95,59514,63026,533
330,944,16490,65510,8,65524,65535,4,769,94,59500,63021,534
282,872,16512,65511,9,65526,65535,4,769,84,59504,62989,535
324,940,16574,65509,9,65525,65535,4,769,96,59506,62998,536
290,926,16550,65513,9,65525,65535,4,769,89,59498,63016,537
242,898,16464,65512,10,65525,65535,4,769,83,59493,63009,538
302,910,16556,65512,9,65524,65535,4,769,94,59507,63008,539
306,854,16410,65511,8,65524,65535,4,769,112,59526,63001,540
334,864,16560,65511,9,65525,65535,4,769,104,59547,63002,541
280,902,16548,65510,9,65525,65535,4,769,104,59524,63009,542
318,906,16624,65512,9,65524,65535,4,769,92,59531,63001,543
306,894,16540,65513,10,65526,65535,4,769,86,59541,62996,544
280,942,16452,65512,9,65525,65535,4,769,98,59534,62985,545
306,898,16482,65510,10,65524,65535,4,769,107,59536,62985,546
306,914,16598,65511,10,65526,65535,4,769,106,59548,62994,547
354,900,16526,65513,11,65526,65535,4,769,107,59547,63010,548
246,874,16432,65512,10,65525,65535,4,769,98,59535,63001,549
328,888,16650,65510,10,65525,65535,4,769,90,59542,62970,550
282,934,16552,65511,9,65525,65535,4,769,96,59536,62972,551
312,876,16430,65512,9,65525,65535,4,769,103,59544,62982,552
280,938,16516,65511,9,65525,65535,4,769,115,59537,62982,553
322,946,16554,65511,10,65525,65535,4,769,108,59536,62999,554
348,876,16550,65511,10,65525,65535,4,769,92,59543,62999,555
272,876,16500,65510,9,65525,65535,4,769,100,59536,62980,556
304,932,16606,65511,9,65524,65535,4,769,102,59543,62983,557
304,906,16572,65512,9,65525,65535,4,769,108,59544,62984,558
330,896,16552,65513,8,65524,65535,4,769,107,59542,62997,559
284,892,16502,65512,10,65524,65535,4,769,105,59553,62981,560
302,926,16518,65511,7,65526,65535,4,769,106,59544,62982,561
318,932,16494,65511,9,65525,65535,4,769,99,59539,62974,562
298,902,16556,65512,10,65525,65535,4,769,103,59542,62974,563
316,850,16508,65511,8,65524,65535,4,769,99,59545,62974,564
280,914,16512,65510,8,65525,65535,4,769,108,59540,62994,565
290,884,16584,65511,10,65525,65535,4,769,104,59542,62989,566
270,942,16484,65512,8,65526,65535,4,769,112,59542,62994,567
252,944,16542,65511,11,65525,65535,4,769,116,59531,62996,568
372,928,16546,65511,8,65524,65535,4,769,102,59528,62989,569
318,892,16564,65510,10,65524,65535,4,769,106,59535,62992,570
346,852,16428,65510,8,65525,65535,4,769,102,59550,63001,571
264,966,16534,65510,9,65525,65535,4,769,97,59546,62992,572
340,890,16592,65512,9,65527,65535,4,769,98,59533,62984,573
310,918,16406,65510,9,65524,65535,4,769,97,59539,62984,574
296,942,16434,65511,9,65526,65535,4,769,98,59547,62996,575
238,902,16716,65512,9,65525,65535,4,769,96,59553,62987,576
338,880,16534,65512,8,65524,65535,4,769,105,59536,62997,577
328,896,16506,65512,8,65524,65535,4,769,103,59523,62984,578
322,916,16500,65508,9,65524,65535,4,769,108,59543,62988,579
290,934,16648,65512,9,65524,65535,4,769,111,59544,62996,580
392,872,16570,65513,9,65525,65535,4,769,108,59518,62995,581
296,870,16450,65510,9,65525,65535,4,769,106,59520,63016,582
302,904,16644,65512,10,65526,65535,4,769,104,59542,63021,583
318,866,16674,65514,9,65524,65535,4,769,105,59537,63014,584
278,866,16442,65510,9,65524,65535,4,769,88,59514,62996,585
276,880,16408,65510,9,65525,65535,4,769,96,59522,63001,586
256,922,16630,65512,9,65525,65535,4,769,100,59533,63005,587
300,918,16666,65512,8,65525,65535,4,769,97,59538,63018,588
292,878,16442,65512,9,65525,65535,4,769,108,59516,63039,589
268,950,16488,65510,9,65524,65535,4,769,120,59518,63044,590
288,928,16648,65512,9,65525,65535,4,769,108,59513,63040,591
282,876,16596,65512,10,65524,65535,4,769,102,59508,63049,592
320,894,16414,65511,9,65523,65535,4,769,91,59510,63055,593
330,876,16506,65511,9,65523,65535,4,769,94,59498,63048,594
300,898,16634,65513,8,65524,65535,4,769,100,59499,63053,595
250,950,16572,65512,8,65523,65535,4,769,104,59501,63041,596
302,948,16366,65509,9,65523,65535,4,769,109,59503,63054,597
270,886,16584,65511,9,65525,65535,4,769,107,59493,63056,598
276,914,16656,65512,9,65525,65535,4,769,111,59483,63061,599
328,936,16502,65511,9,65526,65535,4,769,117,59511,63060,600
264,870,16424,65509,10,65524,65535,4,769,112,59506,63070,601
330,894,16526,65510,9,65526,65535,4,769,105,59489,63071,602
258,906,16442,65512,8,65526,65535,4,769,108,59483,63069,603
272,876,16464,65512,9,65524,65535,4,769,102,59500,63068,604
344,872,16580,65511,9,65524,65535,4,769,103,59503,63067,605
324,882,16718,65511,9,65525,65535,4,769,100,59489,63060,606
282,888,16424,65512,8,65525,65535,4,769,85,59491,63076,607
318,898,16524,65510,8,65523,65535,4,769,89,59488,63091,608
328,934,16594,65511,10,65524,65535,4,769,95,59486,63093,609
294,910,16664,65512,10,65526,65535,4,769,105,59488,63067,610
328,876,16414,65512,9,65524,65535,4,769,104,59480,63064,611
272,970,16408,65509,8,65524,65535,4,769,104,59479,63081,612
326,922,16636,65510,9,65525,65535,4,769,108,59500,63086,613
304,968,16492,65511,9,65525,65535,4,769,91,59492,63086,614
316,866,16450,65509,9,65525,65535,4,769,98,59486,63068,615
346,902,16568,65511,10,65526,65535,4,769,104,59483,63080,616
314,884,16664,65511,9,65525,65535,4,769,99,59490,63083,617
340,918,16532,65510,9,65525,65535,4,769,103,59484,63091,618
344,868,16526,65510,9,65524,65535,4,769,111,59481,63084,619
324,850,16476,65510,8,65525,65535,4,769,114,59471,63091,620
286,832,16546,65512,10,65526,65535,4,769,115,59477,63096,621
292,876,16442,65511,9,65525,65535,4,769,110,59497,63086,622
322,910,16540,65512,8,65525,65535,4,769,116,59491,63083,623
278,902,16620,65512,11,65524,65535,4,769,126,59473,63094,624
350,934,16620,65511,10,65526,65535,4,769,106,59473,63088,625
304,874,16466,65510,11,65526,65535,4,769,109,59486,63082,626
356,882,16610,65513,9,65525,65535,4,769,120,59487,63096,627
336,914,16526,65512,9,65527,65535,4,769,105,59496,63105,628
310,890,16524,65511,9,65526,65535,4,769,96,59495,63084,629
300,908,16562,65512,8,65525,65535,4,769,107,59487,63076,630
254,910,16554,65511,9,65525,65535,4,769,117,59489,63078,631
234,940,16380,65513,9,65524,65535,4,769,118,59489,63062,632
206,928,16526,65510,9,65526,65535,4,769,105,59474,63073,633
284,928,16608,65512,9,65526,65535,4,769,103,59500,63101,634
310,942,16494,65512,8,65526,65535,4,769,111,59498,63093,635
290,894,16538,65512,10,65526,65535,4,769,109,59490,63081,636
246,920,16570,65511,7,65525,65535,4,769,107,59492,63075,637
306,906,16416,65512,9,65525,65535,4,769,96,59497,63065,638
304,920,16516,65510,9,65525,65535,4,769,98,59498,63075,639
324,894,16550,65512,9,65525,65535,4,769,93,59496,63062,640
302,878,16562,65510,10,65525,65535,4,769,94,59497,63074,641
298,902,16444,65511,8,65524,65535,4,769,106,59503,63067,642
306,882,16556,65511,9,65525,65535,4,769,94,59490,63074,643
290,872,16570,65512,10,65526,65535,4,769,106,59501,63089,644
322,882,16426,65512,9,65525,65535,4,769,108,59493,63088,645
318,904,16472,65511,9,65524,65535,4,769,95,59484,63078,646
330,892,16466,65510,8,65524,65535,4,769,106,59488,63076,647
268,892,16558,65512,9,65525,65535,4,769,114,59499,63077,648
296,952,16534,65512,9,65526,65535,4,769,100,59506,63078,649
254,906,16560,65512,10,65526,65535,4,769,97,59502,63091,650
288,848,16526,65513,9,65525,65535,4,769,104,59497,63083,651
328,886,16628,65511,9,65525,65535,4,769,106,59472,63075,652
288,932,16648,65512,10,65524,65535,4,769,107,59482,63072,653
302,880,16458,65510,8,65524,65535,4,769,82,59497,63076,654
338,888,16556,65511,9,65524,65535,4,769,89,59510,63070,655
320,878,16586,65511,10,65526,65535,4,769,98,59515,63047,656
308,898,16534,65510,8,65526,65535,4,769,106,59513,63046,657
328,858,16454,65511,10,65525,65535,4,769,110,59501,63052,658
328,936,16514,65511,11,65526,65535,4,769,98,59492,63053,659
404,906,16610,65512,8,65525,65535,4,769,97,59500,63056,660
296,886,16508,65511,10,65525,65535,4,769,126,59500,63051,661
294,942,16532,65511,9,65524,65535,4,769,119,59504,63056,662
312,936,16606,65510,11,65524,65535,4,769,119,59494,63063,663
336,944,16460,65512,10,65525,65535,4,769,112,59494,63049,664
302,892,16512,65511,10,65524,65535,4,769,113,59496,63054,665
298,864,16564,65513,9,65525,65535,4,769,111,59500,63059,666
354,892,16590,65511,9,65526,65535,4,769,105,59512,63066,667
346,878,16468,65512,8,65526,65535,4,769,99,59507,63065,668
294,930,16500,65509,8,65525,65535,4,769,99,59502,63050,669
280,918,16582,65510,9,65525,65535,4,769,102,59514,63045,670
260,876,16538,65511,9,65526,65535,4,769,112,59520,63052,671
288,954,16550,65511,9,65526,65535,4,769,110,59510,63047,672
338,908,16530,65510,8,65525,65535,4,769,108,59509,63048,673
284,928,16480,65511,11,65525,65535,4,769,111,59517,63051,674
282,824,16472,65510,9,65524,65535,4,769,111,59526,63041,675
312,922,16518,65511,9,65525,65535,4,769,117,59519,63018,676
260,876,16614,65512,8,65525,65535,4,769,118,59518,63021,677
282,892,16580,65509,9,65524,65535,4,769,110,59522,63015,678
294,890,16516,65510,9,65525,65535,4,769,117,59524,63005,679
326,882,16440,65511,9,65525,65535,4,769,109,59525,63008,680
360,888,16544,65510,7,65524,65535,4,769,103,59514,62997,681
318,874,16610,65512,8,65525,65535,4,769,87,59523,62998,682
324,924,16448,65511,10,65525,65535,4,769,109,59536,63011,683
346,902,16544,65511,9,65525,65535,4,769,88,59547,62992,684
270,972,16528,65513,8,65524,65535,4,769,85,59546,62990,685
272,940,16470,65512,10,65525,65535,4,769,102,59544,62981,686
324,956,16470,65510,8,65524,65535,4,769,94,59536,62983,687
346,930,16676,65511,8,65523,65535,4,769,87,59550,62976,688
302,858,16628,65512,8,65524,65535,4,769,82,59563,62968,689
264,902,16412,65510,9,65526,65535,4,769,99,59560,62971,690
358,928,16618,65510,9,65525,65535,4,769,120,59555,62966,691
352,900,16608,65512,9,65524,65535,4,769,100,59553,62955,692
296,888,16356,65511,10,65525,65535,4,769,98,59568,62942,693
262,882,16568,65511,8,65525,65535,4,769,100,59576,62928,694
306,914,16558,65512,9,65525,65535,4,769,98,59576,62957,695
284,964,16488,65513,9,65525,65535,4,769,125,59587,62960,696
312,842,16530,65512,9,65524,65535,4,769,128,59579,62966,697
290,890,16562,65509,10,65525,65535,4,769,105,59553,62945,698
338,876,16516,65511,9,65525,65535,4,769,102,59559,62940,699
272,906,16464,65511,9,65524,65535,4,769,109,59569,62940,700
322,860,16564,65510,10,65524,65535,4,769,102,59573,62922,701
286,886,16592,65511,9,65526,65535,4,769,96,59566,62915,702
326,912,16474,65511,9,65524,65535,4,769,88,59563,62922,703
258,906,16568,65511,8,65525,65535,4,769,98,59568,62917,704
274,866,16472,65511,8,65524,65535,4,769,88,59575,62920,705
346,952,16588,65512,9,65524,65535,4,769,80,59566,62923,706
354,934,16590,65511,8,65525,65535,4,769,89,59575,62918,707
342,904,16610,65511,8,65524,65535,4,769,110,59582,62918,708
340,900,16468,65510,8,65524,65535,4,769,101,59581,62924,709
318,910,16532,65512,9,65525,65535,4,769,104,59576,62926,710
286,920,16452,65512,10,65525,65535,4,769,115,59559,62944,711
328,882,16492,65511,8,65525,65535,4,769,103,59569,62931,712
316,926,16534,65509,8,65525,65535,4,769,102,59585,62906,713
290,956,16516,65512,9,65525,65535,4,769,100,59589,62915,714
296,902,16452,65511,11,65524,65535,4,769,93,59583,62913,715
294,954,16420,65512,8,65525,65535,4,769,94,59583,62913,716
350,910,16430,65510,8,65525,65535,4,769,106,59582,62930,717
276,874,16474,65510,10,65525,65535,4,769,93,59579,62919,718
340,946,16490,65514,9,65524,65535,4,769,98,59581,62922,719
302,986,16548,65511,9,65524,65535,4,769,92,59576,62926,720
264,930,16500,65512,9,65526,65535,4,769,92,59576,62908,721
370,906,16522,65511,9,65526,65535,4,769,92,59575,62910,722
268,910,16590,65512,8,65525,65535,4,769,100,59582,62919,723
366,884,16578,65512,8,65526,65535,4,769,89,59585,62902,724
300,838,16532,65511,9,65525,65535,4,769,91,59579,62896,725
294,930,16474,65511,9,65526,65535,4,769,93,59593,62900,726
340,882,16604,65512,7,65524,65535,4,769,102,59593,62905,727
272,922,16544,65511,9,65525,65535,4,769,81,59593,62917,728
282,878,16528,65513,9,65525,65535,4,769,99,59600,62903,729
298,894,16544,65512,9,65526,65535,4,769,103,59598,62889,730
328,876,16602,65513,10,65525,65535,4,769,99,59587,62893,731
298,878,16444,65512,9,65525,65535,4,769,76,59582,62897,732
264,924,16596,65511,8,65523,65535,4,769,83,59579,62898,733
274,906,16522,65511,9,65525,65535,4,769,99,59593,62895,734
284,892,16534,65510,8,65526,65535,4,769,99,59590,62882,735
326,930,16540,65512,9,65524,65535,4,769,92,59591,62872,736
320,912,16644,65511,9,65525,65535,4,769,98,59584,62898,737
298,926,16588,65512,9,65524,65535,4,769,88,59582,62903,738
254,816,16560,65511,10,65526,65535,4,769,94,59603,62895,739
280,902,16490,65512,8,65525,65535,4,769,111,59599,62896,740
324,866,16434,65512,8,65526,65535,4,769,116,59586,62901,741
338,860,16502,65513,9,65525,65535,4,769,102,59581,62896,742
328,858,16436,65512,8,65525,65535,4,769,81,59590,62882,743
348,914,16482,65512,10,65524,65535,4,769,73,59596,62884,744
294,912,16494,65512,10,65524,65535,4,769,88,59601,62907,745
266,920,16510,65510,10,65526,65535,4,769,93,59602,62913,746
250,908,16556,65512,9,65526,65535,4,769,91,59605,62895,747
318,900,16602,65512,10,65524,65535,4,769,79,59603,62884,748
296,936,16514,65512,8,65524,65535,4,769,92,59619,62899,749
290,892,16520,65510,8,65526,65535,4,769,88,59614,62899,750
272,906,16618,65512,9,65526,65535,4,769,91,59593,62880,751
290,924,16536,65511,8,65526,65535,4,769,93,59598,62899,752
328,880,16546,65512,9,65525,65535,4,769,90,59603,62894,753
280,898,16552,65512,9,65524,65535,4,769,101,59596,62884,754
270,880,16502,65513,10,65525,65535,4,769,103,59592,62907,755
258,912,16568,65510,9,65525,65535,4,769,95,59609,62903,756
306,868,16598,65512,9,65524,65535,4,769,80,59622,62895,757
322,948,16580,65513,9,65525,65535,4,769,91,59614,62912,758
312,874,16484,65512,8,65525,65535,4,769,94,59590,62891,759
310,904,16468,65512,10,65525,65535,4,769,95,59594,62893,760
284,870,16522,65511,9,65524,65535,4,769,87,59604,62889,761
312,900,16630,65510,8,65526,65535,4,769,80,59610,62896,762
302,894,16550,65512,9,65525,65535,4,769,87,59601,62880,763
298,834,16542,65512,9,65524,65535,4,769,93,59598,62861,764
300,952,16516,65512,9,65526,65535,4,769,94,59615,62864,765
332,900,16512,65510,10,65525,65535,4,769,90,59621,62865,766
274,948,16580,65513,10,65525,65535,4,769,75,59612,62863,767
310,870,16424,65512,8,65525,65535,4,769,90,59619,62861,768
296,928,16510,65511,10,65525,65535,4,769,93,59630,62871,769
332,914,16562,65511,10,65524,65535,4,769,87,59623,62858,770
306,944,16530,65512,9,65525,65535,4,769,99,59624,62850,771
320,906,16490,65510,9,65524,65535,4,769,84,59617,62853,772
314,916,16586,65512,9,65525,65535,4,769,89,59630,62841,773
278,872,16522,65510,9,65525,65535,4,769,99,59638,62829,774
266,910,16480,65509,8,65526,65535,4,769,84,59638,62831,775
320,884,16560,65513,9,65525,65535,4,769,80,59643,62842,776
260,866,16500,65512,9,65524,65535,4,769,79,59644,62850,777
368,912,16400,65511,8,65526,65535,4,769,84,59656,62845,778
268,908,16544,65511,10,65527,65535,4,769,85,59632,62845,779
306,856,16584,65510,8,65524,65535,4,769,90,59624,62841,780
354,948,16542,65512,9,65524,65535,4,769,93,59631,62846,781
266,896,16594,65511,9,65525,65535,4,769,74,59650,62846,782
314,890,16552,65511,8,65524,65535,4,769,81,59638,62852,783
320,892,16526,65512,10,65524,65535,4,769,89,59637,62865,784
268,900,16550,65511,11,65525,65535,4,769,99,59636,62869,785
324,902,16546,65510,7,65525,65535,4,769,84,59623,62856,786
336,892,16506,65511,10,65525,65535,4,769,79,59632,62852,787
238,898,16462,65512,9,65525,65535,4,769,89,59650,62861,788
280,940,16626,65511,10,65524,65535,4,769,77,59636,62888,789
298,910,16616,65510,9,65525,65535,4,769,71,59624,62887,790
278,828,16468,65510,10,65524,65535,4,769,78,59620,62886,791
294,920,16566,65512,9,65524,65535,4,769,92,59625,62880,792
264,898,16650,65510,9,65525,65535,4,769,103,59615,62892,793
288,866,16448,65512,9,65525,65535,4,769,96,59612,62894,794
288,888,16490,65511,11,65524,65535,4,769,83,59626,62878,795
276,852,16560,65510,9,65525,65535,4,769,94,59621,62889,796
310,904,16528,65511,10,65525,65535,4,769,99,59626,62893,797
328,906,16486,65513,9,65525,65535,4,769,95,59624,62889,798
306,916,16624,65510,9,65525,65535,4,769,90,59611,62894,799
380,924,16562,65512,9,65524,65535,4,769,85,59618,62915,800
326,888,16594,65511,9,65525,65535,4,769,85,59607,62927,801
276,850,16484,65512,11,65524,65535,4,769,84,59604,62926,802
338,870,16524,65511,9,65524,65535,4,769,99,59596,62894,803
348,940,16602,65512,8,65525,65535,4,769,93,59590,62878,804
274,858,16492,65511,9,65526,65535,4,769,69,59597,62903,805
392,926,16510,65511,11,65523,65535,4,769,96,59602,62914,806
320,872,16556,65513,10,65525,65535,4,769,94,59606,62921,807
334,924,16556,65511,9,65524,65535,4,769,82,59609,62921,808
308,964,16542,65511,9,65524,65535,4,769,99,59600,62921,809
308,860,16526,65511,10,65525,65535,4,769,94,59599,62923,810
270,932,16564,65512,9,65525,65535,4,769,83,59594,62905,811
300,960,16524,65510,7,65526,65535,4,769,96,59598,62922,812
370,942,16600,65511,9,65525,65535,4,769,107,59592,62921,813
332,858,16522,65512,9,65524,65535,4,769,115,59599,62930,814
360,908,16482,65510,10,65525,65535,4,769,93,59596,62922,815
318,894,16470,65512,8,65525,65535,4,769,79,59596,62930,816
332,882,16586,65513,10,65526,65535,4,769,82,59598,62931,817
250,886,16586,65511,9,65525,65535,4,769,93,59590,62926,818
290,850,16468,65513,10,65524,65535,4,769,81,59587,62947,819
294,872,16606,65512,9,65525,65535,4,769,74,59592,62942,820
356,902,16612,65512,10,65525,65535,4,769,70,59593,62922,821
284,824,16560,65512,9,65524,65535,4,769,77,59597,62922,822
292,904,16590,65512,9,65525,65535,4,769,98,59594,62940,823
370,900,16496,65510,7,65524,65535,4,769,87,59580,62942,824
260,900,16546,65511,10,65525,65535,4,769,75,59584,62934,825
378,830,16552,65512,10,65525,65535,4,769,76,59596,62948,826
296,904,16532,65512,8,65524,65535,4,769,95,59588,62967,827
318,920,16492,65512,10,65524,65535,4,769,95,59587,62950,828
372,920,16546,65513,8,65524,65535,4,769,81,59577,62955,829
300,862,16560,65512,8,65526,65535,4,769,69,59584,62939,830
294,838,16626,65511,9,65525,65535,4,769,71,59578,62961,831
334,908,16612,65512,8,65525,65535,4,769,91,59570,62968,832
288,948,16606,65512,8,65523,65535,4,769,104,59580,62950,833
260,942,16608,65512,10,65525,65535,4,769,103,59571,62947,834
332,928,16490,65511,9,65525,65535,4,769,96,59580,62946,835
322,864,16486,65512,8,65525,65535,4,769,86,59583,62956,836
276,856,16540,65513,10,65525,65535,4,769,89,59567,62964,837
230,888,16656,65511,8,65525,65535,4,769,92,59564,62948,838
274,900,16466,65512,8,65525,65535,4,769,104,59576,62961,839
312,896,16508,65511,9,65524,65535,4,769,95,59581,62948,840
326,908,16536,65512,9,65524,65535,4,769,84,59580,62933,841
314,918,16500,65510,10,65525,65535,4,769,91,59589,62956,842
294,932,16432,65511,9,65524,65535,4,769,97,59567,62958,843
234,876,16522,65511,9,65525,65535,4,769,100,59559,62955,844
278,910,16430,65511,9,65525,65535,4,769,90,59578,62945,845
326,940,16450,65512,8,65525,65535,4,770,97,59570,62960,846
290,920,16464,65511,9,65523,65535,4,770,108,59580,62951,847
304,920,16496,65512,9,65525,65535,4,770,99,59570,62953,848
294,916,16510,65512,9,65525,65535,4,770,96,59575,62954,849
272,934,16494,65510,9,65525,65535,4,770,115,59570,62942,850
278,912,16494,65510,9,65525,65535,4,770,111,59572,62937,851
304,890,16636,65512,8,65526,65535,4,770,91,59568,62942,852
274,958,16470,65511,9,65526,65535,4,770,103,59574,62944,853
298,882,16554,65512,11,65524,65535,4,770,95,59589,62958,854
300,920,16536,65512,9,65525,65535,4,770,95,59569,62946,855
268,858,16484,65510,9,65524,65535,4,770,101,59554,62929,856
354,852,16488,65512,7,65524,65535,4,770,84,59569,62953,857
262,898,16546,65511,10,65525,65535,4,770,81,59573,62948,858
270,904,16536,65512,9,65524,65535,4,770,84,59562,62951,859
234,916,16544,65510,9,65526,65535,4,770,95,59572,62940,860
214,900,16582,65512,8,65524,65535,4,770,77,59579,62934,861
322,878,16534,65510,9,65524,65535,4,770,80,59578,62941,862
328,908,16488,65511,9,65526,65535,4,770,85,59570,62943,863
298,920,16498,65511,10,65526,65535,4,770,84,59562,62952,864
308,972,16484,65511,8,65524,65535,4,770,85,59568,62937,865
304,910,16548,65511,11,65523,65535,4,770,84,59572,62936,866
318,856,16542,65512,8,65526,65535,4,770,95,59584,62950,867
324,896,16558,65512,8,65525,65535,4,770,114,59593,62954,868
344,872,16580,65512,9,65525,65535,4,770,101,59586,62953,869
272,884,16550,65511,9,65525,65535,4,770,96,59582,62968,870
276,914,16552,65510,8,65524,65535,4,770,93,59589,62967,871
302,886,16490,65511,10,65524,65535,4,770,90,59576,62969,872
256,870,16536,65511,8,65525,65535,4,770,103,59568,62960,873
310,882,16540,65512,9,65525,65535,4,770,120,59564,62955,874
302,912,16584,65510,8,65524,65535,4,770,111,59558,62955,875
354,872,16552,65512,8,65524,65535,4,770,91,59551,62964,876
318,946,16590,65510,10,65525,65535,4,770,102,59560,62955,877
264,908,16576,65512,10,65526,65535,4,770,114,59577,62945,878
304,922,16556,65509,8,65525,65535,4,770,104,59577,62952,879
302,918,16542,65511,9,65526,65535,4,770,104,59571,62951,880
282,930,16552,65511,9,65526,65535,4,770,90,59575,62960,881
338,926,16520,65511,9,65524,65535,4,770,89,59574,62955,882
278,944,16556,65512,9,65524,65535,4,770,96,59571,62942,883
312,900,16504,65512,9,65525,65535,4,770,88,59567,62929,884
250,942,16514,65511,10,65524,65535,4,770,97,59566,62930,885
312,860,16532,65512,10,65525,65535,4,770,92,59563,62941,886
304,900,16600,65512,8,65525,65535,4,770,91,59573,62939,887
298,918,16552,65510,8,65525,65535,4,770,89,59566,62966,888
280,908,16544,65511,10,65524,65535,4,770,102,59548,62953,889
322,958,16584,65510,9,65525,65535,4,770,93,59560,62942,890
290,870,16492,65511,10,65525,65535,4,770,94,59573,62945,891
286,890,16620,65512,8,65526,65535,4,770,105,59580,62936,892
300,876,16436,65512,10,65525,65535,4,770,112,59563,62948,893
272,910,16572,65510,9,65525,65535,4,770,115,59558,62957,894
250,926,16496,65511,9,65524,65535,4,770,105,59558,62951,895
334,936,16546,65512,9,65525,65535,4,770,91,59568,62943,896
322,908,16452,65511,11,65524,65535,4,770,100,59569,62939,897
242,950,16594,65512,9,65525,65535,4,770,98,59554,62945,898
316,930,16546,65511,8,65524,65535,4,770,94,59556,62949,899
300,916,16534,65511,10,65526,65535,4,770,99,59547,62949,900
296,918,16496,65509,10,65525,65535,4,770,95,59548,62945,901
326,920,16496,65511,10,65525,65535,4,770,79,59567,62956,902
296,930,16602,65511,9,65525,65535,4,770,92,59560,62963,903
292,896,16608,65511,9,65525,65535,4,770,79,59555,62962,904
328,970,16560,65511,9,65524,65535,4,770,86,59566,62969,905
358,884,16520,65512,8,65526,65535,4,770,90,59565,62963,906
304,882,16534,65513,8,65524,65535,4,770,92,59555,62944,907
270,938,16606,65511,9,65524,65535,4,770,103,59570,62929,908
278,900,16528,65513,9,65524,65535,4,770,102,59576,62949,909
292,910,16476,65511,8,65524,65535,4,770,108,59565,62953,910
218,930,16538,65510,8,65524,65535,4,770,111,59558,62945,911
314,896,16564,65510,10,65524,65535,4,770,113,59558,62947,912
294,882,16604,65512,8,65524,65535,4,770,99,59567,62941,913
284,908,16582,65510,11,65524,65535,4,770,102,59561,62935,914
378,944,16566,65511,10,65526,65535,4,770,104,59562,62933,915
272,928,16540,65512,10,65523,65535,4,770,95,59569,62935,916
286,968,16606,65510,8,65526,65535,4,770,96,59581,62939,917
272,904,16522,65511,9,65524,65535,4,770,105,59581,62930,918
336,904,16536,65512,8,65524,65535,4,770,93,59574,62926,919
250,942,16654,65512,9,65523,65535,4,770,102,59577,62937,920
332,882,16418,65511,10,65525,65535,4,770,110,59576,62951,921
290,950,16614,65512,9,65524,65535,4,770,105,59584,62939,922
282,926,16462,65511,10,65524,65535,4,770,100,59579,62930,923
298,902,16626,65510,9,65525,65535,4,770,102,59566,62948,924
268,896,16610,65512,8,65524,65535,4,770,99,59568,62934,925
322,840,16502,65510,8,65524,65535,4,770,105,59557,62921,926
358,946,16538,65513,9,65525,65535,4,770,112,59573,62927,927
312,862,16472,65512,10,65525,65535,4,770,113,59599,62929,928
338,900,16536,65511,9,65524,65535,4,770,102,59574,62920,929
326,934,16500,65512,9,65525,65535,4,770,108,59570,62918,930
276,886,16482,65511,9,65525,65535,4,770,103,59571,62919,931
312,898,16476,65512,9,65525,65535,4,770,96,59571,62927,932
296,862,16460,65512,10,65525,65535,4,770,94,59557,62919,933
326,884,16504,65512,8,65525,65535,4,770,94,59576,62895,934
274,950,16532,65511,9,65524,65535,4,770,98,59596,62917,935
370,934,16552,65511,9,65524,65535,4,770,88,59591,62912,936
320,952,16484,65512,8,65525,65535,4,770,91,59583,62913,937
294,888,16566,65510,9,65527,65535,4,770,84,59581,62926,938
272,870,16502,65511,8,65525,65535,4,770,75,59584,62927,939
332,922,16460,65511,10,65525,65535,4,770,98,59581,62941,940
296,854,16532,65512,9,65525,65535,4,770,84,59591,62932,941
320,976,16488,65511,9,65525,65535,4,770,93,59591,62926,942
266,890,16488,65512,9,65526,65535,4,770,94,59580,62911,943
294,908,16464,65510,9,65524,65535,4,770,98,59582,62906,944
308,884,16496,65511,8,65524,65535,4,770,111,59589,62919,945
312,916,16614,65512,9,65525,65535,4,770,97,59597,62918,946
332,878,16594,65511,9,65524,65535,4,770,90,59609,62911,947
326,902,16542,65511,9,65525,65535,4,770,95,59604,62905,948
304,884,16408,65511,10,65524,65535,4,770,83,59613,62905,949
324,888,16514,65512,9,65525,65535,4,770,89,59598,62909,950
350,948,16504,65512,8,65526,65535,4,770,90,59587,62917,951
320,888,16562,65510,9,65524,65535,4,770,90,59588,62915,952
240,902,16542,65512,8,65525,65535,4,770,97,59588,62919,953
290,888,16558,65512,9,65524,65535,4,770,94,59587,62903,954
336,930,16540,65511,10,65525,65535,4,770,107,59580,62909,955
292,982,16660,65511,9,65525,65535,4,770,112,59604,62915,956
280,968,16552,65512,10,65525,65535,4,770,106,59613,62912,957
312,900,16532,65513,9,65524,65535,4,770,93,59608,62930,958
270,858,16402,65512,8,65524,65535,4,770,99,59599,62919,959
256,866,16540,65512,9,65526,65535,4,770,91,59586,62908,960
336,934,16600,65509,9,65525,65535,4,770,109,59585,62915,961
320,956,16540,65511,10,65524,65535,4,770,104,59580,62919,962
276,910,16460,65511,11,65525,65535,4,770,90,59578,62906,963
274,886,16614,65511,10,65526,65535,4,770,91,59591,62905,964
292,908,16592,65511,10,65524,65535,4,770,93,59597,62913,965
312,952,16550,65512,9,65526,65535,4,770,102,59601,62915,966
310,858,16520,65510,9,65525,65535,4,770,102,59594,62930,967
256,936,16566,65512,9,65524,65535,4,770,86,59591,62929,968
356,914,16610,65511,9,65525,65535,4,770,88,59593,62913,969
298,882,16468,65512,8,65525,65535,4,770,87,59585,62897,970
302,922,16520,65510,9,65525,65535,4,770,98,59592,62897,971
314,896,16574,65510,10,65526,65535,4,770,87,59588,62903,972
284,894,16524,65512,10,65524,65535,4,770,88,59568,62901,973
288,858,16510,65511,10,65525,65535,4,770,104,59588,62898,974
340,970,16612,65510,9,65524,65535,4,770,119,59613,62890,975
290,914,16606,65512,9,65525,65535,4,770,102,59605,62911,976
270,926,16470,65512,9,65526,65535,4,770,87,59597,62914,977
260,876,16498,65510,9,65524,65535,4,770,95,59588,62911,978
328,892,16558,65510,9,65524,65535,4,770,100,59593,62903,979
276,926,16540,65511,9,65525,65535,4,770,103,59599,62900,980
302,906,16470,65511,8,65525,65535,4,770,93,59597,62901,981
276,810,16554,65509,9,65525,65535,4,770,88,59600,62892,982
290,862,16620,65511,10,65524,65535,4,770,93,59583,62893,983
302,916,16530,65513,9,65526,65535,4,770,98,59572,62912,984
286,912,16536,65511,10,65525,65535,4,770,105,59580,62906,985
314,870,16504,65513,9,65526,65535,4,770,105,59592,62904,986
324,902,16656,65511,8,65524,65535,4,770,98,59585,62904,987
320,894,16442,65510,8,65526,65535,4,770,101,59598,62897,988
288,884,16440,65512,9,65525,65535,4,770,81,59618,62904,989
252,916,16672,65510,9,65525,65535,4,770,83,59612,62925,990
280,856,16538,65512,9,65525,65535,4,770,99,59591,62909,991
290,842,16542,65511,9,65525,65535,4,770,97,59593,62895,992
324,890,16464,65511,9,65526,65535,4,770,97,59597,62898,993
332,916,16492,65512,9,65525,65535,4,770,80,59598,62906,994
308,872,16552,65511,9,65524,65535,4,770,83,59602,62892,995
356,928,16500,65514,8,65524,65535,4,770,101,59592,62891,996
276,928,16598,65508,8,65525,65535,4,770,107,59605,62892,997
330,910,16538,65514,9,65525,65535,4,770,94,59600,62895,998
314,916,16536,65511,8,65524,65535,4,770,98,59590,62894,999
300,936,16552,65511,9,65526,65535,4,770,104,59599,62915,1000
