232,990,16626,65510,12,65526,0,65527,65533,380,59673,63141,1
242,998,16664,65509,13,65526,0,65527,65533,393,59671,63124,2
220,1040,16728,65510,12,65525,0,65527,65533,387,59657,63125,3
324,994,16622,65511,11,65526,0,65527,65534,401,59667,63122,4
282,976,16646,65512,12,65525,0,65527,65534,398,59684,63121,5
278,960,16612,65511,12,65525,0,65527,65534,371,59667,63143,6
304,964,16582,65511,13,65526,0,65527,65534,386,59684,63134,7
270,954,16672,65510,13,65526,0,65527,65534,381,59679,63114,8
218,958,16736,65511,12,65526,0,65527,65534,369,59674,63123,9
214,972,16660,65511,12,65526,0,65527,65534,387,59679,63137,10
244,958,16696,65511,12,65525,0,65527,65534,377,59663,63122,11
254,968,16692,65510,12,65526,0,65527,65534,383,59657,63134,12
278,1032,16630,65510,11,65527,0,65527,65534,392,59667,63125,13
250,1010,16640,65512,11,65526,0,65527,65534,378,59671,63138,14
244,978,16758,65512,11,65525,0,65527,65534,372,59668,63154,15
310,954,16756,65510,12,65526,0,65527,65534,387,59653,63146,16
310,960,16588,65511,13,65524,0,65527,65534,396,59653,63127,17
272,974,16664,65511,13,65526,0,65527,65534,394,59669,63122,18
226,972,16658,65511,12,65526,0,65527,65534,383,59662,63138,19
244,988,16650,65512,12,65525,0,65527,65534,377,59664,63147,20
268,992,16756,65512,12,65525,0,65527,65534,385,59665,63150,21
300,916,16602,65511,12,65525,0,65527,65534,384,59661,63141,22
276,930,16598,65511,11,65527,0,65527,65534,379,59671,63159,23
248,926,16626,65512,12,65525,0,65527,65534,385,59668,63144,24
244,930,16624,65511,12,65526,0,65527,65534,348,59666,63126,25
280,962,16658,65511,11,65526,0,65527,65534,375,59676,63138,26
260,974,16624,65511,11,65525,0,65527,65534,389,59667,63152,27
222,984,16622,65511,12,65526,0,65527,65534,390,59653,63150,28
334,1006,16576,65511,12,65525,0,65527,65534,377,59666,63150,29
246,1006,16668,65511,12,65526,0,65527,65534,399,59674,63139,30
278,930,16702,65510,12,65526,0,65527,65534,369,59671,63149,31
326,1002,16656,65512,13,65526,0,65527,65534,373,59654,63141,32
262,958,16678,65511,11,65526,0,65527,65534,382,59656,63146,33
214,980,16652,65512,12,65526,0,65527,65534,380,59654,63135,34
276,948,16698,65512,13,65525,0,65527,65534,378,59669,63137,35
338,968,16570,65511,13,65526,0,65527,65534,376,59668,63133,36
202,990,16538,65511,12,65525,0,65527,65534,386,59671,63135,37
262,946,16612,65512,13,65525,0,65527,65534,402,59674,63130,38
226,1014,16600,65510,12,65525,0,65527,65534,379,59678,63132,39
334,1000,16692,65510,11,65525,0,65527,65534,366,59691,63126,40
264,970,16620,65512,12,65525,0,65527,65534,388,59670,63157,41
270,920,16646,65512,11,65526,0,65527,65534,395,59659,63151,42
240,992,16538,65510,13,65525,0,65527,65534,381,59667,63128,43
280,924,16668,65510,12,65526,0,65527,65534,387,59687,63124,44
258,964,16698,65511,11,65525,0,65527,65534,377,59676,63133,45
268,1012,16658,65511,12,65526,0,65527,65534,382,59680,63144,46
310,1008,16658,65512,12,65526,0,65527,65534,397,59680,63135,47
244,996,16598,65512,12,65526,0,65527,65534,395,59675,63140,48
292,930,16720,65512,12,65525,0,65527,65534,373,59666,63135,49
272,954,16658,65510,13,65525,0,65527,65534,408,59665,63130,50
282,978,16628,65511,12,65525,0,65527,65534,400,59689,63123,51
262,966,16714,65511,13,65525,0,65527,65534,389,59695,63115,52
344,996,16684,65511,13,65527,0,65527,65534,397,59687,63121,53
236,1006,16614,65509,11,65525,0,65527,65534,372,59690,63132,54
236,932,16688,65511,12,65526,0,65527,65534,377,59689,63119,55
282,964,16690,65511,12,65525,0,65527,65534,388,59686,63128,56
272,942,16648,65510,13,65526,0,65527,65534,385,59691,63136,57
248,984,16646,65512,12,65525,0,65527,65534,385,59676,63129,58
262,978,16642,65509,12,65525,0,65527,65534,399,59688,63147,59
290,1032,16698,65509,11,65526,0,65527,65534,393,59683,63147,60
328,932,16734,65510,11,65526,0,65527,65534,400,59687,63144,61
256,962,16602,65510,12,65526,0,65527,65534,399,59667,63143,62
314,1008,16618,65510,11,65524,0,65527,65534,388,59692,63143,63
226,1008,16706,65511,11,65526,0,65527,65534,394,59684,63139,64
278,962,16674,65510,12,65525,0,65527,65534,397,59671,63119,65
262,1010,16718,65511,13,65525,0,65527,65534,371,59669,63112,66
284,984,16596,65510,12,65525,0,65527,65534,384,59664,63117,67
306,948,16714,65512,12,65525,0,65527,65534,389,59664,63153,68
234,986,16656,65511,12,65525,0,65527,65534,380,59666,63155,69
252,972,16730,65510,13,65526,0,65527,65534,380,59663,63129,70
272,922,16716,65510,11,65526,0,65527,65534,392,59678,63147,71
254,976,16540,65510,12,65526,0,65527,65534,396,59680,63140,72
262,922,16740,65511,11,65524,0,65527,65534,386,59674,63143,73
268,972,16652,65511,12,65525,0,65527,65534,386,59671,63158,74
214,1014,16668,65511,12,65524,0,65527,65534,383,59653,63131,75
216,968,16680,65511,12,65525,0,65527,65534,399,59662,63149,76
228,1000,16628,65511,12,65525,0,65527,65534,407,59667,63153,77
256,976,16702,65511,11,65527,0,65527,65534,397,59670,63156,78
274,970,16684,65510,12,65526,0,65527,65534,388,59661,63165,79
252,906,16696,65512,13,65525,0,65527,65534,396,59676,63155,80
242,988,16530,65511,11,65525,0,65527,65534,383,59672,63152,81
264,986,16644,65511,12,65526,0,65527,65534,392,59649,63156,82
318,982,16672,65510,12,65527,0,65527,65534,392,59655,63155,83
278,958,16670,65511,12,65524,0,65527,65534,391,59665,63166,84
292,940,16620,65510,13,65527,0,65527,65534,398,59663,63172,85
238,994,16738,65512,13,65526,0,65527,65534,377,59651,63166,86
256,992,16762,65511,12,65526,0,65527,65534,403,59653,63164,87
262,962,16732,65511,12,65526,0,65527,65534,395,59662,63172,88
262,1000,16696,65510,12,65525,0,65527,65534,371,59666,63159,89
264,1006,16644,65511,12,65526,0,65527,65534,376,59662,63173,90
234,998,16666,65510,11,65525,0,65527,65534,381,59666,63159,91
266,974,16548,65511,12,65524,0,65527,65534,371,59668,63175,92
280,960,16754,65511,11,65526,0,65527,65534,381,59655,63174,93
284,952,16712,65510,11,65526,0,65527,65534,383,59658,63159,94
300,912,16636,65511,12,65525,0,65527,65534,397,59652,63157,95
296,934,16608,65510,11,65525,0,65527,65534,402,59642,63163,96
238,950,16742,65512,13,65526,0,65527,65534,395,59642,63152,97
294,954,16648,65511,13,65525,0,65527,65534,396,59657,63152,98
282,920,16644,65511,11,65525,0,65527,65534,395,59662,63152,99
282,984,16690,65511,12,65526,0,65527,65534,387,59671,63150,100
298,1000,16654,65512,12,65526,0,65527,65534,387,59675,63156,101
238,956,16728,65511,12,65526,0,65527,65534,393,59677,63159,102
272,968,16694,65511,13,65525,0,65527,65534,402,59643,63149,103
304,998,16634,65510,12,65526,0,65527,65534,400,59645,63146,104
254,952,16618,65512,11,65526,0,65527,65534,398,59664,63152,105
258,988,16642,65511,11,65525,0,65527,65534,401,59678,63161,106
264,928,16716,65512,10,65527,0,65527,65534,392,59667,63170,107
260,986,16686,65511,11,65526,0,65527,65534,386,59649,63166,108
224,938,16628,65511,12,65526,0,65527,65534,391,59652,63160,109
300,948,16610,65511,14,65526,0,65527,65534,388,59653,63155,110
310,958,16670,65510,12,65526,0,65527,65534,395,59656,63169,111
282,980,16636,65510,12,65525,0,65527,65534,372,59650,63144,112
294,962,16772,65510,12,65525,0,65527,65534,380,59642,63163,113
276,980,16644,65511,12,65526,0,65527,65534,396,59640,63176,114
292,1022,16624,65511,12,65526,0,65527,65534,400,59655,63186,115
312,978,16598,65511,12,65525,0,65527,65534,397,59668,63167,116
258,950,16708,65510,12,65526,0,65527,65534,400,59669,63151,117
316,944,16616,65511,13,65526,0,65527,65534,384,59664,63151,118
250,932,16574,65510,12,65525,0,65527,65534,385,59649,63154,119
294,944,16632,65511,12,65525,0,65527,65534,380,59645,63170,120
226,958,16754,65510,12,65526,0,65527,65534,383,59650,63176,121
284,950,16640,65510,12,65525,0,65527,65534,398,59664,63170,122
278,956,16680,65510,13,65526,0,65527,65534,403,59665,63158,123
280,1008,16654,65512,12,65526,0,65527,65534,406,59658,63166,124
242,968,16646,65511,13,65526,0,65527,65534,401,59658,63165,125
248,932,16652,65510,12,65525,0,65527,65534,380,59644,63140,126
328,936,16642,65512,12,65525,0,65527,65534,388,59666,63144,127
278,940,16680,65511,11,65524,0,65527,65534,385,59666,63165,128
230,948,16666,65510,12,65526,0,65527,65534,383,59660,63183,129
260,922,16606,65511,11,65526,0,65527,65534,387,59640,63187,130
312,1012,16588,65512,12,65526,0,65527,65534,369,59633,63194,131
260,994,16644,65511,13,65526,0,65527,65534,384,59658,63194,132
242,968,16670,65512,12,65526,0,65527,65534,408,59655,63179,133
232,1016,16648,65511,11,65525,0,65527,65534,411,59651,63188,134
258,988,16656,65512,13,65526,0,65527,65534,378,59656,63186,135
274,1008,16628,65510,11,65525,0,65527,65534,383,59652,63206,136
278,948,16668,65511,12,65525,0,65527,65534,390,59633,63194,137
264,960,16766,65512,13,65525,0,65527,65534,402,59630,63190,138
286,998,16610,65511,13,65526,0,65527,65534,396,59639,63206,139
298,972,16676,65510,13,65526,0,65527,65534,384,59638,63207,140
308,1006,16644,65511,12,65526,0,65527,65534,384,59638,63201,141
308,962,16670,65511,11,65525,0,65527,65534,389,59632,63176,142
286,974,16682,65512,11,65526,0,65527,65534,389,59640,63191,143
330,954,16700,65511,12,65525,0,65527,65534,410,59631,63200,144
278,982,16698,65512,13,65526,0,65527,65534,399,59643,63190,145
260,1016,16576,65512,12,65525,0,65527,65534,402,59630,63206,146
230,930,16544,65512,11,65526,0,65527,65534,378,59633,63202,147
326,1028,16634,65511,13,65525,0,65527,65534,379,59632,63208,148
352,970,16672,65512,13,65526,0,65527,65534,382,59627,63198,149
258,926,16706,65512,12,65526,0,65527,65534,390,59641,63215,150
284,950,16632,65512,10,65525,0,65527,65534,403,59645,63231,151
264,958,16656,65511,12,65526,0,65527,65534,388,59627,63230,152
252,996,16706,65511,13,65525,0,65527,65534,382,59614,63223,153
286,1032,16646,65511,12,65525,0,65527,65534,375,59612,63226,154
252,994,16700,65511,12,65525,0,65527,65534,384,59633,63233,155
264,1002,16520,65511,13,65526,0,65527,65534,374,59641,63221,156
216,990,16632,65509,12,65525,0,65527,65534,388,59616,63226,157
220,926,16690,65510,11,65525,0,65527,65534,397,59620,63240,158
240,934,16676,65510,12,65525,0,65527,65534,372,59611,63256,159
282,974,16658,65511,12,65525,0,65527,65534,370,59626,63243,160
234,902,16664,65511,12,65526,0,65527,65534,372,59616,63230,161
216,964,16644,65511,12,65525,0,65527,65534,391,59627,63228,162
254,1042,16712,65510,12,65526,0,65527,65534,395,59619,63245,163
250,964,16730,65511,12,65526,0,65527,65534,392,59606,63221,164
314,986,16670,65511,12,65526,0,65527,65534,380,59610,63232,165
282,990,16746,65511,12,65526,0,65527,65534,386,59615,63238,166
276,992,16580,65511,13,65526,0,65527,65534,392,59619,63235,167
274,986,16646,65509,13,65525,0,65527,65534,400,59612,63233,168
294,954,16670,65512,10,65525,0,65527,65534,384,59608,63247,169
258,980,16638,65511,11,65525,0,65527,65534,384,59611,63233,170
274,964,16632,65511,12,65526,0,65527,65534,376,59610,63243,171
324,970,16660,65511,14,65525,0,65527,65534,389,59595,63237,172
286,980,16580,65511,12,65525,0,65527,65534,397,59617,63237,173
286,964,16652,65511,11,65525,0,65527,65534,391,59601,63248,174
272,996,16524,65512,11,65526,0,65527,65534,393,59601,63236,175
278,990,16620,65513,13,65526,0,65527,65534,407,59607,63216,176
278,962,16608,65512,12,65526,0,65527,65534,398,59621,63207,177
256,942,16690,65510,13,65524,0,65527,65534,385,59619,63220,178
286,986,16658,65512,12,65525,0,65527,65534,381,59599,63241,179
284,988,16660,65512,12,65525,0,65527,65534,397,59610,63247,180
262,1046,16674,65510,12,65526,0,65527,65534,391,59616,63235,181
262,988,16622,65512,12,65525,0,65527,65534,389,59603,63229,182
286,928,16620,65510,13,65526,0,65527,65534,401,59613,63223,183
260,1004,16652,65511,11,65526,0,65527,65534,382,59624,63218,184
254,986,16568,65510,12,65526,0,65527,65534,381,59610,63239,185
260,990,16606,65512,12,65524,0,65527,65534,396,59626,63235,186
284,914,16680,65511,12,65525,0,65527,65534,399,59637,63250,187
250,970,16650,65512,13,65527,0,65527,65534,387,59620,63249,188
258,914,16668,65510,12,65526,0,65527,65534,376,59612,63217,189
252,1018,16632,65510,13,65525,0,65527,65534,403,59623,63229,190
304,1028,16684,65512,12,65525,0,65527,65534,388,59624,63235,191
320,926,16618,65511,11,65526,0,65527,65534,389,59595,63233,192
256,954,16696,65509,12,65526,0,65527,65534,401,59608,63227,193
252,970,16670,65511,11,65523,0,65527,65534,399,59617,63222,194
276,972,16720,65510,11,65525,0,65527,65534,401,59610,63228,195
316,1002,16646,65512,12,65526,0,65527,65534,386,59619,63234,196
266,984,16612,65511,11,65525,0,65527,65534,388,59607,63233,197
270,1034,16666,65512,11,65525,0,65527,65534,378,59608,63218,198
320,1012,16638,65511,12,65526,0,65527,65534,385,59613,63214,199
246,994,16652,65510,12,65525,0,65527,65534,381,59616,63196,200
282,924,16704,65511,12,65526,0,65527,65534,379,59625,63216,201
224,974,16576,65513,12,65525,0,65527,65534,378,59623,63213,202
254,1010,16686,65513,11,65526,0,65527,65534,379,59632,63230,203
292,946,16634,65511,12,65526,0,65527,65534,389,59619,63217,204
226,992,16744,65511,13,65525,0,65527,65534,386,59632,63231,205
300,994,16620,65512,12,65525,0,65527,65534,400,59623,63231,206
318,978,16726,65512,13,65525,0,65527,65534,400,59617,63233,207
216,910,16596,65511,12,65525,0,65527,65534,382,59624,63234,208
258,1024,16602,65510,11,65525,0,65527,65534,389,59626,63227,209
264,936,16670,65511,13,65526,0,65527,65534,378,59615,63238,210
256,978,16668,65510,12,65527,0,65527,65534,380,59609,63244,211
228,1016,16612,65511,12,65526,0,65527,65534,389,59613,63242,212
298,1002,16652,65511,13,65525,0,65527,65534,389,59619,63251,213
314,988,16692,65512,12,65526,0,65527,65534,371,59614,63236,214
248,964,16646,65512,12,65526,0,65527,65534,390,59613,63225,215
208,1002,16646,65512,12,65525,0,65527,65534,399,59608,63249,216
272,1028,16764,65511,12,65527,0,65527,65534,385,59607,63236,217
236,974,16692,65512,13,65526,0,65527,65534,387,59610,63228,218
266,948,16584,65510,12,65526,0,65527,65534,388,59607,63237,219
264,974,16696,65512,12,65526,0,65527,65534,379,59608,63239,220
334,952,16736,65511,12,65525,0,65527,65534,391,59619,63262,221
276,964,16682,65512,12,65526,0,65527,65534,397,59617,63248,222
272,960,16686,65512,12,65526,0,65527,65534,405,59618,63242,223
258,1008,16616,65510,12,65525,0,65527,65534,388,59612,63258,224
292,978,16716,65510,11,65524,0,65527,65534,386,59605,63242,225
266,958,16646,65510,13,65525,0,65527,65534,386,59602,63230,226
258,974,16602,65512,13,65525,0,65527,65534,380,59610,63237,227
280,940,16626,65510,12,65526,0,65527,65534,379,59602,63236,228
312,1002,16684,65511,12,65526,0,65527,65534,372,59605,63239,229
310,954,16646,65512,11,65526,0,65527,65534,395,59611,63248,230
300,958,16648,65510,11,65527,0,65527,65534,387,59631,63244,231
268,988,16590,65511,12,65524,0,65527,65534,384,59628,63244,232
280,992,16594,65512,12,65526,0,65527,65534,382,59615,63232,233
322,1004,16784,65512,12,65525,0,65527,65534,393,59616,63198,234
308,970,16546,65510,11,65525,0,65527,65534,390,59618,63217,235
290,990,16578,65511,10,65526,0,65527,65534,382,59604,63230,236
254,982,16650,65513,11,65525,0,65527,65534,377,59610,63242,237
306,1010,16606,65512,13,65525,0,65527,65534,386,59618,63239,238
288,988,16720,65510,13,65525,0,65527,65534,392,59616,63224,239
330,984,16622,65512,11,65525,0,65527,65534,398,59612,63217,240
218,946,16588,65511,12,65525,0,65527,65534,394,59601,63227,241
326,998,16646,65512,12,65526,0,65527,65534,387,59606,63236,242
282,986,16690,65511,12,65526,0,65527,65534,386,59615,63237,243
286,962,16602,65512,10,65526,0,65527,65534,399,59604,63232,244
302,926,16604,65511,13,65526,0,65527,65534,388,59608,63233,245
246,958,16704,65511,12,65526,0,65527,65534,380,59620,63227,246
284,980,16698,65511,13,65526,0,65527,65534,391,59613,63232,247
302,956,16704,65510,12,65525,0,65527,65534,400,59614,63250,248
202,958,16564,65511,13,65526,0,65527,65534,395,59621,63240,249
296,916,16618,65510,12,65526,0,65527,65534,391,59615,63236,250
250,1022,16686,65511,12,65525,0,65527,65534,368,59625,63230,251
288,1002,16670,65511,11,65527,0,65527,65534,391,59622,63244,252
288,940,16650,65511,12,65525,0,65527,65534,402,59621,63250,253
284,970,16656,65511,12,65526,0,65527,65534,410,59628,63236,254
300,970,16520,65510,12,65526,0,65527,65534,386,59616,63256,255
272,998,16660,65511,11,65525,0,65527,65534,403,59626,63245,256
274,956,16634,65511,11,65525,0,65527,65534,389,59623,63245,257
220,968,16628,65512,12,65526,0,65527,65534,377,59624,63247,258
302,940,16628,65510,12,65526,0,65527,65534,380,59617,63254,259
260,1022,16582,65511,12,65526,0,65527,65534,391,59611,63268,260
266,1006,16670,65510,13,65525,0,65527,65534,396,59632,63283,261
260,986,16636,65511,13,65526,0,65527,65534,385,59600,63260,262
268,982,16742,65511,12,65526,0,65527,65534,395,59605,63244,263
256,1028,16670,65510,12,65525,0,65527,65534,394,59618,63251,264
286,1004,16640,65513,11,65525,0,65527,65534,390,59603,63243,265
282,966,16556,65511,12,65526,0,65527,65534,381,59611,63253,266
262,1006,16718,65509,12,65525,0,65527,65534,378,59625,63266,267
298,1012,16642,65511,12,65526,0,65527,65534,383,59602,63271,268
258,970,16644,65512,12,65526,0,65527,65534,386,59604,63262,269
294,948,16706,65513,13,65526,0,65527,65534,388,59620,63268,270
300,964,16668,65511,12,65525,0,65527,65534,393,59599,63265,271
238,958,16678,65511,12,65525,0,65527,65534,382,59604,63253,272
270,960,16716,65512,12,65526,0,65527,65534,380,59612,63274,273
274,956,16578,65511,11,65526,0,65527,65534,384,59611,63279,274
302,946,16576,65510,12,65524,0,65527,65534,380,59606,63291,275
294,948,16676,65511,11,65525,0,65527,65534,376,59585,63289,276
258,968,16658,65510,11,65525,0,65527,65534,392,59599,63285,277
230,1038,16664,65511,11,65526,0,65527,65534,395,59615,63297,278
262,974,16634,65511,11,65526,0,65527,65534,397,59607,63282,279
258,914,16640,65511,11,65526,0,65527,65534,405,59600,63297,280
308,972,16652,65510,11,65526,0,65527,65534,410,59613,63307,281
226,968,16536,65511,12,65526,0,65527,65534,381,59602,63304,282
236,936,16670,65510,13,65526,0,65527,65534,395,59597,63293,283
286,1028,16632,65511,14,65524,0,65527,65534,408,59594,63313,284
274,910,16600,65512,11,65525,0,65527,65534,395,59589,63312,285
266,930,16652,65511,11,65524,0,65527,65534,385,59592,63320,286
240,966,16610,65510,11,65526,0,65527,65534,377,59593,63306,287
266,1042,16680,65511,12,65524,0,65527,65534,384,59603,63292,288
266,954,16660,65511,11,65525,0,65527,65534,378,59592,63297,289
294,942,16558,65510,13,65525,0,65527,65534,380,59605,63309,290
268,952,16616,65510,12,65525,0,65527,65534,395,59607,63312,291
330,1014,16728,65511,11,65525,0,65527,65534,396,59612,63293,292
288,986,16776,65512,12,65525,0,65527,65534,389,59592,63301,293
258,980,16668,65511,11,65526,0,65527,65534,382,59586,63290,294
256,1020,16620,65511,13,65526,0,65527,65534,393,59590,63303,295
240,938,16670,65512,12,65526,0,65527,65534,390,59570,63309,296
248,1004,16724,65511,11,65525,0,65527,65534,376,59575,63318,297
212,976,16588,65514,11,65525,0,65527,65534,394,59559,63306,298
284,974,16622,65511,12,65525,0,65527,65534,386,59573,63308,299
276,992,16680,65511,12,65526,0,65527,65534,381,59580,63282,300
238,972,16650,65511,12,65526,0,65527,65534,380,59567,63284,301
272,912,16650,65510,11,65525,0,65527,65534,374,59557,63299,302
276,982,16688,65511,12,65526,0,65527,65534,392,59561,63301,303
256,1004,16738,65510,11,65526,0,65527,65534,409,59571,63299,304
270,934,16642,65512,11,65525,0,65527,65534,385,59559,63301,305
322,968,16652,65512,12,65525,0,65527,65534,380,59566,63323,306
292,934,16630,65510,11,65526,0,65527,65534,388,59560,63320,307
278,950,16616,65511,12,65526,0,65527,65534,384,59549,63320,308
286,994,16718,65512,11,65525,0,65527,65534,385,59558,63316,309
290,956,16770,65510,10,65526,0,65527,65534,395,59553,63311,310
262,996,16624,65512,12,65526,0,65527,65534,394,59537,63311,311
300,972,16656,65512,12,65525,0,65527,65534,411,59555,63328,312
324,946,16696,65512,12,65525,0,65527,65534,409,59567,63331,313
246,938,16656,65511,11,65525,0,65527,65534,397,59557,63322,314
318,976,16710,65511,13,65525,0,65527,65534,388,59547,63326,315
304,938,16660,65511,13,65525,0,65527,65534,390,59562,63318,316
304,1020,16640,65511,12,65525,0,65527,65534,397,59555,63310,317
284,980,16734,65511,11,65525,0,65527,65534,401,59547,63310,318
276,960,16668,65510,12,65525,0,65527,65534,391,59555,63306,319
266,1000,16642,65512,13,65526,0,65527,65534,388,59552,63318,320
326,978,16714,65511,12,65526,0,65527,65534,386,59563,63341,321
304,994,16748,65511,10,65524,0,65527,65534,401,59574,63323,322
316,1040,16692,65512,12,65525,0,65527,65534,399,59560,63310,323
322,962,16552,65513,11,65525,0,65527,65534,384,59554,63316,324
270,1010,16754,65511,10,65525,0,65527,65534,400,59541,63311,325
270,956,16662,65512,12,65525,0,65527,65534,397,59544,63309,326
232,980,16710,65511,13,65526,0,65527,65534,394,59543,63311,327
320,960,16536,65511,11,65525,0,65527,65534,391,59556,63297,328
348,984,16672,65512,12,65525,0,65527,65534,384,59558,63294,329
282,940,16540,65512,12,65524,0,65527,65534,386,59557,63301,330
222,982,16546,65511,13,65525,0,65527,65534,380,59565,63301,331
272,978,16680,65511,13,65526,0,65527,65534,386,59578,63316,332
230,958,16666,65511,11,65525,0,65527,65534,388,59575,63302,333
244,1010,16682,65512,12,65526,0,65527,65534,415,59571,63283,334
234,996,16564,65511,12,65525,0,65527,65534,405,59572,63269,335
274,974,16656,65511,12,65525,0,65527,65534,399,59583,63266,336
274,972,16650,65511,13,65526,0,65527,65534,393,59600,63248,337
272,988,16660,65511,12,65527,0,65527,65534,396,59586,63234,338
292,962,16660,65511,11,65525,0,65527,65534,377,59587,63210,339
248,950,16642,65510,12,65524,0,65527,65534,380,59595,63198,340
274,974,16650,65511,11,65526,0,65527,65534,399,59612,63196,341
272,948,16642,65511,12,65526,0,65527,65534,402,59628,63202,342
286,970,16650,65512,13,65526,0,65527,65534,400,59619,63197,343
196,972,16638,65511,13,65525,0,65527,65534,401,59623,63201,344
306,956,16706,65510,13,65526,0,65527,65534,384,59612,63186,345
292,1000,16648,65512,11,65525,0,65527,65534,374,59619,63192,346
278,964,16652,65510,12,65525,0,65527,65534,383,59624,63184,347
246,950,16588,65512,11,65525,0,65527,65534,384,59617,63185,348
256,948,16712,65511,11,65525,0,65527,65534,383,59629,63167,349
258,984,16626,65510,10,65526,0,65527,65534,386,59656,63164,350
218,980,16722,65511,12,65525,0,65527,65534,406,59655,63172,351
250,958,16648,65510,11,65525,0,65527,65534,407,59650,63162,352
206,1000,16560,65510,12,65525,0,65527,65534,396,59646,63153,353
334,986,16580,65511,11,65524,0,65527,65534,375,59651,63167,354
210,1022,16656,65511,11,65525,0,65527,65534,389,59664,63158,355
284,952,16622,65510,11,65526,0,65527,65534,383,59647,63149,356
206,1026,16614,65512,13,65525,0,65527,65534,370,59639,63136,357
248,1000,16654,65512,12,65524,0,65527,65534,379,59638,63143,358
312,1032,16692,65511,11,65526,0,65527,65534,375,59635,63155,359
256,950,16660,65511,13,65525,0,65527,65534,378,59635,63146,360
274,888,16678,65511,12,65525,0,65527,65534,383,59644,63133,361
248,1012,16644,65511,13,65526,0,65527,65534,360,59663,63142,362
240,922,16604,65510,12,65525,0,65527,65534,384,59654,63158,363
270,966,16654,65511,12,65526,0,65527,65534,376,59658,63139,364
292,986,16742,65511,12,65526,0,65527,65534,372,59663,63145,365
258,1014,16670,65512,12,65526,0,65527,65534,370,59664,63161,366
290,1014,16600,65512,13,65525,0,65527,65534,367,59656,63146,367
258,958,16664,65511,12,65526,0,65527,65534,378,59649,63128,368
278,966,16670,65511,12,65525,0,65527,65534,393,59663,63137,369
242,948,16636,65511,11,65526,0,65527,65534,372,59666,63154,370
256,952,16622,65511,12,65525,0,65527,65534,394,59681,63147,371
246,990,16534,65510,12,65525,0,65527,65534,387,59676,63149,372
256,956,16664,65511,11,65526,0,65527,65534,384,59684,63152,373
264,1000,16646,65511,12,65525,0,65527,65534,391,59683,63165,374
302,988,16598,65511,13,65525,0,65527,65534,378,59677,63144,375
252,932,16590,65512,12,65526,0,65527,65534,395,59679,63128,376
290,928,16632,65511,11,65526,0,65527,65534,401,59670,63125,377
246,952,16570,65511,12,65527,0,65527,65534,382,59663,63135,378
276,964,16626,65511,12,65526,0,65527,65534,382,59665,63144,379
286,970,16656,65511,12,65526,0,65527,65534,397,59680,63133,380
276,942,16560,65512,11,65524,0,65527,65534,395,59684,63142,381
292,962,16730,65511,12,65525,0,65527,65534,391,59675,63147,382
258,1020,16632,65510,13,65524,0,65527,65534,389,59668,63140,383
234,970,16654,65511,12,65525,0,65527,65534,387,59661,63137,384
284,988,16774,65511,12,65526,0,65527,65534,378,59661,63145,385
268,950,16636,65510,12,65525,0,65527,65534,381,59687,63131,386
286,988,16564,65512,13,65525,0,65527,65534,382,59685,63125,387
298,964,16572,65513,12,65526,0,65527,65534,366,59669,63133,388
282,966,16554,65511,13,65525,0,65527,65534,398,59660,63127,389
296,992,16656,65512,12,65526,0,65527,65534,396,59672,63127,390
258,990,16704,65512,11,65525,0,65527,65534,381,59681,63114,391
226,958,16540,65511,11,65525,0,65527,65534,371,59670,63132,392
286,988,16644,65510,11,65526,0,65527,65534,385,59682,63125,393
252,970,16678,65512,12,65525,0,65527,65534,384,59682,63136,394
208,960,16742,65510,13,65525,0,65527,65534,362,59678,63148,395
322,974,16742,65512,11,65526,0,65527,65534,373,59666,63140,396
226,970,16612,65511,13,65524,0,65527,65534,380,59654,63138,397
276,1010,16676,65512,12,65525,0,65527,65534,378,59676,63127,398
316,960,16582,65510,12,65526,0,65527,65534,376,59681,63121,399
244,952,16598,65511,12,65525,0,65527,65534,378,59689,63127,400
314,972,16718,65510,12,65525,0,65527,65534,384,59675,63138,401
274,930,16654,65511,12,65525,0,65527,65534,389,59672,63119,402
248,970,16646,65510,12,65526,0,65527,65534,381,59684,63118,403
220,994,16658,65512,12,65526,0,65527,65534,388,59692,63105,404
274,960,16624,65512,10,65526,0,65527,65534,390,59678,63090,405
274,996,16686,65510,12,65526,0,65527,65534,380,59686,63116,406
262,1014,16596,65512,13,65526,0,65527,65534,386,59696,63123,407
246,1002,16668,65510,12,65525,0,65527,65534,378,59704,63127,408
286,988,16658,65512,12,65525,0,65527,65534,384,59678,63111,409
236,986,16696,65512,12,65525,0,65527,65534,383,59686,63094,410
266,968,16640,65510,12,65525,0,65527,65534,402,59689,63114,411
246,978,16578,65512,12,65525,0,65527,65534,383,59687,63130,412
258,1020,16582,65510,12,65524,0,65527,65534,375,59681,63117,413
262,1008,16664,65511,12,65527,0,65527,65534,398,59684,63120,414
258,944,16660,65511,11,65525,0,65527,65534,375,59686,63132,415
238,934,16674,65511,12,65525,0,65527,65534,377,59674,63115,416
308,952,16654,65511,12,65526,0,65527,65534,368,59673,63111,417
228,1062,16568,65512,11,65526,0,65527,65534,363,59673,63125,418
292,962,16632,65511,12,65526,0,65527,65534,373,59693,63116,419
276,966,16616,65512,10,65525,0,65527,65534,377,59684,63094,420
268,974,16594,65511,12,65526,0,65527,65534,382,59686,63095,421
282,924,16660,65511,12,65526,0,65527,65534,411,59705,63110,422
244,1010,16734,65510,11,65526,0,65527,65534,403,59706,63096,423
260,976,16656,65510,12,65525,0,65527,65534,383,59692,63084,424
308,1008,16662,65511,12,65526,0,65527,65534,384,59687,63102,425
276,968,16612,65510,12,65525,0,65527,65534,372,59699,63086,426
320,1048,16786,65511,12,65526,0,65527,65534,368,59709,63077,427
278,888,16738,65512,11,65525,0,65527,65534,376,59703,63083,428
266,1034,16702,65509,12,65526,0,65527,65534,380,59693,63076,429
288,1004,16644,65511,13,65526,0,65527,65534,374,59680,63064,430
304,1010,16682,65511,13,65524,0,65527,65534,387,59695,63064,431
276,988,16732,65512,11,65525,0,65527,65534,379,59706,63055,432
250,1082,16650,65510,11,65525,0,65527,65534,372,59705,63053,433
254,968,16614,65512,12,65525,0,65527,65534,378,59713,63068,434
332,972,16650,65509,11,65525,0,65527,65534,376,59717,63050,435
248,972,16714,65510,12,65525,0,65527,65534,384,59713,63044,436
286,980,16622,65510,13,65524,0,65527,65534,382,59709,63043,437
304,960,16662,65511,12,65526,0,65527,65534,375,59719,63021,438
290,956,16624,65511,11,65526,0,65527,65534,383,59726,63019,439
300,970,16696,65511,11,65525,0,65527,65534,388,59720,63035,440
310,976,16680,65511,11,65525,0,65527,65534,372,59740,63029,441
292,1020,16698,65511,11,65525,0,65527,65534,374,59740,63020,442
276,1018,16698,65512,12,65525,0,65527,65534,373,59729,63010,443
282,1034,16756,65512,13,65526,0,65527,65534,368,59718,63026,444
258,990,16662,65511,11,65524,0,65527,65534,373,59719,63032,445
280,942,16678,65512,13,65526,0,65527,65534,379,59729,63024,446
178,1024,16704,65512,12,65526,0,65527,65534,375,59727,63028,447
326,964,16688,65512,12,65524,0,65527,65534,375,59743,63029,448
252,950,16654,65511,12,65524,0,65527,65534,379,59738,63025,449
240,956,16636,65512,12,65527,0,65527,65534,381,59726,63020,450
314,928,16716,65511,12,65526,0,65527,65534,360,59717,63037,451
278,962,16746,65510,13,65526,0,65527,65534,378,59732,63046,452
318,930,16582,65510,11,65524,0,65527,65534,377,59740,63055,453
268,982,16686,65512,12,65526,0,65527,65534,370,59730,63033,454
268,934,16712,65512,13,65525,0,65527,65534,373,59721,63044,455
286,940,16688,65512,11,65525,0,65527,65534,361,59742,63032,456
278,946,16662,65510,12,65526,0,65527,65534,366,59740,63037,457
246,998,16734,65510,12,65526,0,65527,65534,383,59724,63036,458
310,1002,16658,65511,11,65525,0,65527,65534,376,59746,63036,459
246,982,16586,65511,12,65525,0,65527,65534,369,59737,63060,460
266,978,16680,65512,13,65526,0,65527,65534,382,59734,63053,461
268,978,16608,65512,11,65525,0,65527,65534,371,59738,63050,462
320,974,16690,65511,12,65526,0,65527,65534,367,59714,63052,463
280,950,16680,65511,11,65525,0,65527,65534,360,59701,63040,464
298,1014,16608,65510,11,65526,0,65527,65534,365,59706,63047,465
274,986,16720,65512,12,65526,0,65527,65534,382,59731,63047,466
302,1008,16602,65510,11,65526,0,65527,65534,382,59721,63061,467
274,890,16648,65510,10,65526,0,65527,65534,371,59704,63055,468
266,960,16690,65511,12,65525,0,65527,65534,379,59702,63048,469
222,952,16610,65511,12,65526,0,65527,65534,405,59710,63064,470
286,956,16584,65511,13,65525,0,65527,65534,388,59726,63063,471
318,944,16644,65511,12,65525,0,65527,65534,392,59719,63062,472
270,964,16620,65510,12,65526,0,65527,65534,378,59711,63065,473
180,932,16700,65512,12,65524,0,65527,65534,381,59702,63070,474
338,974,16650,65512,12,65526,0,65527,65534,373,59708,63069,475
290,946,16636,65511,11,65525,0,65527,65534,388,59712,63072,476
324,960,16630,65512,11,65525,0,65527,65534,393,59719,63062,477
296,960,16770,65511,12,65525,0,65527,65534,388,59716,63050,478
238,992,16618,65512,12,65525,0,65527,65534,380,59713,63057,479
336,964,16474,65510,11,65525,0,65527,65534,390,59725,63055,480
316,928,16624,65511,11,65525,0,65527,65534,389,59731,63065,481
296,1014,16610,65512,12,65526,0,65527,65534,393,59732,63060,482
294,956,16646,65512,11,65527,0,65527,65534,401,59721,63041,483
264,994,16692,65510,11,65525,0,65527,65534,391,59714,63040,484
282,988,16688,65512,12,65524,0,65527,65534,389,59715,63045,485
268,1004,16692,65511,12,65525,0,65527,65534,381,59710,63039,486
226,904,16608,65511,12,65527,0,65527,65534,391,59715,63040,487
292,966,16606,65511,11,65525,0,65527,65534,399,59723,63041,488
232,966,16586,65512,13,65525,0,65527,65534,377,59719,63033,489
260,998,16714,65512,10,65526,0,65527,65534,373,59744,63028,490
286,912,16744,65511,11,65526,0,65527,65534,376,59746,63035,491
284,940,16582,65511,11,65526,0,65527,65534,363,59735,63036,492
288,998,16612,65511,12,65526,0,65527,65534,372,59724,63055,493
310,982,16680,65511,12,65525,0,65527,65534,364,59719,63051,494
226,936,16530,65511,11,65525,0,65527,65534,381,59729,63046,495
310,988,16668,65511,11,65525,0,65527,65534,369,59740,63046,496
296,910,16716,65511,11,65525,0,65527,65534,387,59733,63042,497
238,982,16538,65512,12,65526,0,65527,65534,384,59740,63042,498
340,962,16714,65512,11,65525,0,65527,65534,384,59713,63064,499
240,978,16634,65512,12,65526,0,65527,65534,375,59734,63058,500
260,992,16662,65509,12,65526,0,65527,65534,376,59740,63067,501
280,1004,16784,65510,11,65525,0,65527,65534,392,59745,63057,502
276,1034,16710,65511,12,65526,0,65527,65534,373,59710,63050,503
248,982,16570,65512,11,65525,0,65527,65534,377,59714,63046,504
244,928,16640,65511,12,65526,0,65527,65534,375,59727,63066,505
308,1000,16608,65510,12,65526,0,65527,65534,371,59729,63076,506
340,1014,16680,65512,13,65526,0,65527,65534,364,59736,63073,507
284,936,16676,65512,12,65526,0,65527,65534,381,59731,63053,508
294,910,16666,65511,11,65525,0,65527,65534,378,59746,63068,509
300,954,16618,65511,13,65526,0,65527,65534,369,59750,63068,510
296,956,16600,65511,12,65524,0,65527,65534,373,59734,63051,511
324,954,16714,65511,11,65526,0,65527,65534,366,59718,63054,512
212,940,16624,65511,13,65525,0,65527,65534,370,59738,63053,513
268,946,16562,65512,12,65525,0,65527,65534,382,59741,63037,514
294,1010,16668,65511,12,65525,0,65527,65534,379,59733,63023,515
274,954,16552,65511,11,65525,0,65527,65534,382,59749,63020,516
266,972,16608,65511,12,65525,0,65527,65534,393,59750,63013,517
270,936,16634,65512,11,65524,0,65527,65534,390,59746,63016,518
250,978,16646,65511,12,65526,0,65527,65534,375,59750,63023,519
268,952,16628,65510,12,65526,0,65527,65534,356,59747,63016,520
284,1004,16592,65512,12,65525,0,65527,65534,362,59767,63011,521
286,918,16616,65510,12,65526,0,65527,65534,368,59757,63014,522
236,966,16660,65511,11,65525,0,65527,65534,375,59759,63027,523
232,968,16576,65512,12,65525,0,65527,65534,401,59775,63007,524
248,1008,16564,65511,12,65526,0,65527,65534,394,59775,62987,525
242,1000,16622,65510,12,65526,0,65527,65534,382,59773,62984,526
268,996,16670,65511,11,65525,0,65527,65534,378,59763,62982,527
224,916,16686,65511,12,65525,0,65527,65534,381,59771,62988,528
310,976,16656,65512,12,65526,0,65527,65534,374,59774,62983,529
258,974,16642,65511,13,65525,0,65527,65534,362,59774,62972,530
236,1016,16622,65510,11,65525,0,65527,65534,363,59759,62971,531
342,1034,16762,65510,11,65525,0,65527,65534,358,59770,62973,532
318,1026,16616,65510,11,65526,0,65527,65534,369,59777,62965,533
278,918,16632,65511,12,65526,0,65527,65534,368,59791,62963,534
326,980,16666,65512,11,65526,0,65527,65534,381,59793,62987,535
280,956,16676,65511,12,65526,0,65527,65534,373,59779,62983,536
224,1000,16570,65512,12,65526,0,65527,65534,383,59786,62975,537
256,950,16716,65511,12,65526,0,65527,65534,386,59791,62971,538
284,980,16648,65512,11,65524,0,65527,65534,378,59779,62974,539
282,1008,16662,65510,11,65525,0,65527,65534,398,59788,62970,540
266,940,16650,65511,11,65525,0,65527,65534,385,59795,62949,541
290,922,16634,65512,11,65525,0,65527,65534,357,59809,62959,542
268,946,16694,65512,12,65526,0,65527,65534,357,59802,62950,543
294,1010,16700,65512,12,65526,0,65527,65534,354,59817,62945,544
236,970,16616,65512,11,65525,0,65527,65534,352,59802,62944,545
246,974,16652,65511,12,65526,0,65527,65534,359,59792,62965,546
304,958,16666,65510,12,65525,0,65527,65534,367,59796,62983,547
282,1014,16630,65511,14,65525,0,65527,65534,378,59815,62982,548
298,960,16702,65510,11,65526,0,65527,65534,369,59813,62974,549
272,1000,16776,65511,11,65526,0,65527,65534,372,59816,62948,550
324,904,16592,65512,12,65525,0,65527,65534,369,59832,62949,551
246,978,16560,65510,11,65524,0,65527,65534,368,59824,62941,552
278,1010,16558,65511,12,65525,0,65527,65534,355,59803,62950,553
230,998,16610,65510,12,65526,0,65527,65534,376,59811,62941,554
268,936,16702,65510,11,65526,0,65527,65534,358,59822,62952,555
282,1004,16660,65511,12,65526,0,65527,65534,374,59812,62954,556
260,1004,16672,65511,12,65526,0,65527,65534,368,59805,62947,557
278,946,16646,65511,12,65524,0,65527,65534,363,59805,62943,558
302,1028,16704,65512,11,65525,0,65527,65534,355,59795,62950,559
252,972,16564,65511,12,65526,0,65527,65534,375,59804,62958,560
268,972,16704,65511,11,65526,0,65527,65534,371,59804,62950,561
300,1000,16698,65510,12,65525,0,65527,65534,372,59806,62936,562
300,968,16620,65512,11,65526,0,65527,65534,361,59800,62933,563
208,936,16664,65511,12,65525,0,65527,65534,356,59787,62955,564
306,978,16670,65509,12,65525,0,65527,65534,364,59794,62964,565
318,972,16646,65512,12,65526,0,65527,65534,349,59794,62944,566
348,984,16772,65511,11,65526,0,65527,65534,366,59800,62947,567
252,976,16712,65511,11,65525,0,65527,65534,376,59789,62977,568
242,978,16588,65511,11,65526,0,65527,65534,370,59802,62961,569
280,936,16724,65511,11,65526,0,65527,65534,379,59797,62968,570
236,970,16676,65512,11,65526,0,65527,65534,383,59787,62976,571
360,950,16648,65512,12,65524,0,65527,65534,363,59774,62985,572
328,1014,16694,65512,11,65524,0,65527,65534,358,59766,62991,573
280,994,16720,65510,12,65525,0,65527,65534,352,59771,62981,574
216,946,16660,65511,12,65525,0,65527,65534,349,59781,62978,575
282,934,16622,65511,13,65525,0,65527,65534,355,59786,62985,576
290,998,16638,65512,12,65526,0,65527,65534,372,59772,62985,577
238,968,16672,65511,13,65526,0,65527,65534,367,59778,62959,578
312,982,16630,65511,12,65525,0,65527,65534,369,59767,62988,579
286,930,16618,65511,12,65525,0,65527,65534,373,59767,62966,580
280,946,16668,65512,12,65525,0,65527,65534,385,59776,62973,581
262,956,16636,65511,12,65525,0,65527,65534,371,59783,62976,582
246,996,16698,65512,12,65526,0,65527,65534,382,59778,62987,583
286,984,16648,65512,12,65526,0,65527,65534,367,59769,62982,584
232,942,16660,65510,11,65526,0,65527,65534,373,59760,62975,585
258,1014,16680,65511,11,65526,0,65527,65534,367,59757,62997,586
236,1024,16614,65511,12,65526,0,65527,65534,376,59775,62984,587
228,956,16634,65511,11,65527,0,65527,65534,394,59774,62993,588
336,976,16636,65511,12,65526,0,65527,65534,399,59782,62990,589
244,970,16658,65511,11,65526,0,65527,65534,383,59770,62995,590
318,960,16758,65511,12,65524,0,65527,65534,379,59768,62984,591
262,974,16660,65511,11,65525,0,65527,65534,382,59769,62969,592
290,946,16598,65512,12,65526,0,65527,65534,392,59783,62970,593
276,960,16664,65511,13,65525,0,65527,65534,381,59769,62971,594
274,976,16658,65511,11,65526,0,65527,65534,385,59784,62968,595
284,1008,16654,65512,11,65525,0,65527,65534,380,59780,62975,596
296,1014,16638,65511,12,65525,0,65527,65534,383,59776,62980,597
298,988,16546,65511,11,65524,0,65527,65534,362,59794,62977,598
266,976,16602,65512,13,65525,0,65527,65534,388,59800,62964,599
252,968,16660,65513,11,65526,0,65527,65534,385,59785,62969,600
308,1002,16664,65513,11,65525,0,65527,65534,380,59777,62974,601
250,978,16666,65509,13,65525,0,65527,65534,371,59776,62953,602
280,994,16696,65511,12,65525,0,65527,65535,380,59781,62970,603
258,968,16580,65511,13,65525,0,65527,65535,381,59787,62977,604
290,1000,16648,65510,12,65525,0,65527,65535,382,59788,62972,605
270,968,16540,65511,13,65526,0,65527,65535,372,59786,62980,606
276,970,16640,65510,11,65526,0,65527,65534,359,59787,62954,607
276,1038,16654,65510,11,65526,0,65527,65535,381,59784,62976,608
216,952,16598,65511,13,65524,0,65527,65535,367,59788,62988,609
234,1044,16664,65510,11,65525,0,65527,65535,374,59762,63005,610
212,972,16614,65511,12,65525,0,65527,65535,385,59769,63029,611
214,964,16636,65511,12,65525,0,65527,65535,370,59767,63022,612
260,1018,16594,65511,13,65526,0,65527,65535,369,59777,63001,613
248,910,16704,65511,12,65526,0,65527,65535,383,59764,62999,614
236,962,16618,65510,11,65526,0,65527,65535,374,59754,63008,615
282,994,16576,65511,11,65525,0,65527,65535,372,59772,62998,616
332,982,16750,65511,12,65526,0,65527,65535,372,59767,62995,617
240,950,16684,65512,11,65524,0,65527,65535,385,59757,63011,618
314,956,16628,65512,12,65526,0,65527,65535,373,59762,63006,619
286,952,16612,65511,11,65524,0,65527,65535,359,59748,63006,620
208,1020,16624,65512,12,65526,0,65527,65535,368,59764,63002,621
274,968,16600,65511,12,65524,0,65527,65535,382,59768,63023,622
250,942,16612,65511,12,65525,0,65527,65535,373,59780,62999,623
300,1008,16670,65511,12,65526,0,65527,65535,381,59768,63000,624
284,1004,16542,65512,12,65527,0,65527,65535,377,59767,63007,625
256,1014,16574,65511,12,65525,0,65527,65535,370,59771,62995,626
276,978,16540,65512,11,65525,0,65527,65535,385,59776,62983,627
238,962,16574,65511,13,65525,0,65527,65535,370,59784,62981,628
230,970,16650,65511,12,65525,0,65527,65535,375,59785,62981,629
266,1022,16680,65510,12,65525,0,65527,65535,383,59775,62986,630
318,1002,16558,65510,12,65525,0,65527,65535,365,59759,62980,631
256,1014,16606,65511,12,65525,0,65527,65535,369,59769,62977,632
294,988,16564,65511,12,65525,0,65527,65535,382,59776,62983,633
280,930,16582,65512,12,65526,0,65527,65535,401,59775,62973,634
272,990,16586,65512,12,65526,0,65527,65535,387,59778,62967,635
286,976,16670,65510,12,65525,0,65527,65535,376,59797,62988,636
330,984,16676,65511,12,65525,0,65527,65535,378,59766,62975,637
232,922,16572,65511,13,65526,0,65527,65535,374,59772,62964,638
268,984,16692,65511,12,65526,0,65527,65535,379,59783,62979,639
274,996,16666,65512,12,65525,0,65527,65535,382,59805,62960,640
286,988,16670,65512,13,65525,0,65527,65535,366,59780,62957,641
270,932,16708,65511,11,65525,0,65527,65535,366,59776,62955,642
272,970,16648,65511,12,65525,0,65527,65535,380,59788,62964,643
232,1012,16574,65512,12,65525,0,65527,65535,385,59789,62995,644
278,920,16734,65510,12,65525,0,65527,65535,372,59795,62987,645
270,970,16748,65510,11,65524,0,65527,65535,378,59773,62971,646
242,948,16578,65510,11,65524,0,65527,65535,384,59772,62965,647
278,966,16698,65511,12,65525,0,65527,65535,386,59784,62962,648
334,970,16598,65510,11,65525,0,65527,65535,380,59781,62964,649
284,956,16624,65512,12,65525,0,65527,65535,375,59794,62956,650
256,982,16618,65510,12,65524,0,65527,65535,373,59790,62969,651
252,958,16650,65511,12,65526,0,65527,65535,382,59805,62980,652
296,934,16712,65512,12,65526,0,65527,65535,397,59807,62971,653
264,986,16590,65511,13,65525,0,65527,65535,398,59778,62970,654
296,998,16746,65511,11,65525,0,65527,65535,400,59800,62960,655
224,960,16620,65512,11,65525,0,65527,65535,392,59793,62965,656
274,1014,16608,65511,11,65526,0,65527,65535,377,59787,62967,657
320,998,16632,65510,10,65525,0,65527,65535,386,59798,62967,658
246,996,16728,65511,12,65525,0,65527,65535,393,59785,62948,659
262,920,16586,65511,12,65527,0,65527,65535,380,59778,62956,660
298,1006,16628,65512,12,65525,0,65527,65535,372,59783,62958,661
264,978,16658,65512,11,65525,0,65527,65535,374,59785,62944,662
284,974,16528,65512,11,65526,0,65527,65535,375,59810,62942,663
240,960,16714,65511,12,65526,0,65527,65535,377,59800,62980,664
272,960,16636,65510,10,65527,0,65527,65535,363,59784,62980,665
278,976,16680,65511,12,65524,0,65527,65535,373,59805,62979,666
258,950,16644,65510,11,65525,0,65527,65535,389,59812,62957,667
276,1000,16612,65511,11,65525,0,65527,65535,378,59805,62954,668
262,986,16612,65511,12,65525,0,65527,65535,373,59787,62959,669
254,986,16708,65509,13,65525,0,65527,65535,382,59790,62962,670
320,962,16582,65511,12,65525,0,65527,65535,364,59790,62984,671
312,962,16612,65512,12,65525,0,65527,65535,360,59776,62969,672
266,972,16612,65511,11,65525,0,65527,65535,373,59783,62965,673
284,990,16684,65511,11,65525,0,65527,65535,381,59797,62975,674
226,964,16588,65512,11,65526,0,65527,65535,382,59787,62980,675
326,1000,16702,65510,10,65526,0,65527,65535,374,59792,62981,676
304,936,16664,65511,12,65526,0,65527,65535,372,59800,62968,677
264,990,16632,65512,12,65524,0,65527,65535,386,59789,62988,678
296,1030,16638,65510,12,65526,0,65527,65535,381,59774,62991,679
282,968,16552,65509,11,65525,0,65527,65535,400,59781,62974,680
270,980,16640,65513,12,65526,0,65527,65535,405,59774,62973,681
308,982,16634,65511,11,65525,0,65527,65535,385,59771,62972,682
226,960,16706,65511,12,65526,0,65527,65535,373,59792,62996,683
308,982,16642,65512,10,65525,0,65527,65535,381,59779,63025,684
290,1004,16562,65512,12,65525,0,65527,65535,400,59761,63001,685
298,946,16580,65512,12,65526,0,65527,65535,368,59781,63002,686
238,1004,16618,65511,11,65526,0,65527,65535,362,59771,62996,687
274,966,16588,65511,13,65525,0,65527,65535,366,59780,63007,688
258,986,16602,65511,12,65525,0,65527,65535,370,59779,63002,689
268,936,16678,65511,11,65525,0,65527,65535,369,59779,62988,690
308,964,16634,65510,12,65525,0,65527,65535,384,59768,63008,691
250,940,16618,65510,13,65526,0,65527,65535,378,59781,63035,692
210,1008,16638,65511,12,65524,0,65527,65535,386,59777,63014,693
266,996,16664,65511,12,65526,0,65527,65535,372,59776,63013,694
312,984,16612,65511,12,65525,0,65527,65535,373,59773,63005,695
232,980,16632,65512,11,65525,0,65527,65535,366,59775,63000,696
278,976,16578,65511,12,65526,0,65527,65535,391,59770,62984,697
238,960,16694,65512,11,65525,0,65527,65535,399,59767,62995,698
294,990,16618,65511,11,65526,0,65527,65535,394,59763,63002,699
272,938,16610,65512,12,65525,0,65527,65535,385,59788,62997,700
276,988,16626,65511,11,65526,0,65527,65535,380,59772,62986,701
278,946,16626,65512,12,65526,0,65527,65535,376,59755,62980,702
310,948,16698,65512,12,65526,0,65527,65535,366,59767,62979,703
308,970,16738,65511,12,65526,0,65527,65535,385,59770,62960,704
232,982,16680,65511,11,65525,0,65527,65535,390,59776,62982,705
216,998,16696,65510,11,65526,0,65527,65535,384,59791,62982,706
302,1012,16652,65511,11,65524,0,65527,65535,383,59779,62972,707
270,1002,16582,65512,12,65524,0,65527,65535,368,59760,62972,708
226,1008,16586,65512,12,65526,0,65527,65535,367,59772,62975,709
238,964,16656,65511,11,65525,0,65527,65535,368,59755,62985,710
280,940,16606,65511,11,65525,0,65527,65535,374,59771,62987,711
274,968,16588,65511,12,65526,0,65527,65535,372,59784,62970,712
272,926,16708,65511,11,65526,0,65527,65535,364,59777,62970,713
324,940,16666,65512,12,65525,0,65527,65535,382,59765,62970,714
252,968,16660,65511,12,65526,0,65527,65535,381,59772,62980,715
232,1004,16712,65511,12,65525,0,65527,65535,364,59746,62984,716
264,938,16572,65510,12,65526,0,65527,65535,379,59758,62989,717
254,876,16606,65511,12,65525,0,65527,65535,378,59779,62982,718
250,926,16652,65510,11,65526,0,65527,65535,376,59773,62982,719
282,1022,16768,65512,12,65526,0,65527,65535,386,59763,62976,720
316,1000,16700,65511,12,65526,0,65527,65535,386,59771,63004,721
230,1020,16618,65510,12,65526,0,65527,65535,371,59751,63016,722
258,976,16676,65511,12,65525,0,65527,65535,360,59755,63015,723
248,956,16670,65513,12,65526,0,65527,65535,379,59745,63022,724
246,960,16680,65512,11,65526,0,65527,65535,390,59764,63009,725
256,956,16694,65511,12,65526,0,65527,65535,371,59751,63006,726
296,1008,16626,65513,11,65526,0,65527,65535,373,59741,63030,727
216,976,16678,65512,12,65526,0,65527,65535,378,59751,63027,728
272,964,16710,65511,11,65526,0,65527,65535,392,59740,63025,729
284,952,16660,65511,12,65525,0,65527,65535,388,59746,63028,730
272,1002,16580,65511,13,65526,0,65527,65535,388,59732,63015,731
256,944,16514,65512,12,65525,0,65527,65535,371,59734,63010,732
306,982,16574,65511,12,65525,0,65527,65535,364,59724,63020,733
352,922,16630,65511,11,65525,0,65527,65535,385,59707,63009,734
276,970,16664,65511,11,65525,0,65527,65535,390,59729,63022,735
260,984,16602,65511,11,65525,0,65527,65535,385,59739,63046,736
316,990,16594,65511,11,65525,0,65527,65535,385,59743,63035,737
240,968,16624,65511,12,65526,0,65527,65535,379,59727,63025,738
312,964,16706,65511,12,65525,0,65527,65535,380,59719,63019,739
326,950,16640,65510,11,65525,0,65527,65535,394,59726,63022,740
304,1018,16658,65511,11,65525,0,65527,65535,388,59716,63035,741
242,996,16670,65512,12,65525,0,65527,65535,374,59710,63046,742
254,1014,16702,65511,13,65526,0,65527,65535,372,59715,63063,743
256,1032,16608,65512,11,65526,0,65527,65535,379,59721,63049,744
296,1032,16634,65512,12,65525,0,65527,65535,371,59720,63028,745
240,930,16636,65511,12,65525,0,65527,65535,383,59728,63018,746
256,1006,16670,65511,11,65527,0,65527,65535,387,59730,63046,747
226,976,16644,65513,11,65526,0,65527,65535,381,59726,63049,748
296,990,16674,65511,12,65525,0,65527,65535,380,59708,63048,749
262,1014,16720,65511,12,65525,0,65527,65535,378,59713,63034,750
290,958,16572,65512,12,65524,0,65527,65535,375,59713,63031,751
282,974,16680,65511,12,65525,0,65527,65535,383,59714,63050,752
258,996,16632,65511,11,65525,0,65527,65535,374,59729,63045,753
302,948,16758,65511,12,65526,0,65527,65535,376,59720,63050,754
312,958,16600,65511,11,65527,0,65527,65535,381,59708,63041,755
258,904,16646,65512,10,65525,0,65527,65535,375,59711,63039,756
290,1032,16656,65511,12,65525,0,65527,65535,367,59720,63046,757
274,984,16652,65512,12,65525,0,65527,65535,376,59711,63059,758
288,1004,16618,65511,12,65524,0,65527,65535,385,59703,63050,759
250,998,16596,65512,12,65526,0,65527,65535,384,59727,63041,760
222,1030,16628,65512,11,65525,0,65527,65535,396,59714,63048,761
264,976,16626,65510,12,65526,0,65527,65535,390,59714,63050,762
228,1000,16678,65511,12,65525,0,65527,65535,375,59718,63056,763
282,956,16530,65512,12,65525,0,65527,65535,387,59729,63052,764
304,956,16532,65511,13,65526,0,65527,65535,378,59716,63052,765
208,962,16680,65511,11,65526,0,65527,65535,390,59719,63068,766
266,948,16696,65510,11,65524,0,65527,65535,370,59717,63058,767
222,1006,16562,65512,12,65526,0,65527,65535,366,59728,63048,768
322,964,16660,65512,11,65525,0,65527,65535,375,59739,63029,769
272,932,16702,65511,13,65525,0,65527,65535,385,59739,63025,770
228,976,16652,65511,13,65526,0,65527,65535,384,59723,63056,771
276,970,16676,65512,11,65524,0,65527,65535,396,59717,63061,772
252,954,16598,65512,12,65525,0,65527,65535,405,59715,63052,773
286,936,16690,65511,10,65525,0,65527,65535,395,59720,63054,774
258,984,16644,65511,12,65524,0,65527,65535,393,59717,63062,775
284,976,16620,65511,11,65526,0,65527,65535,377,59694,63056,776
268,982,16752,65509,11,65525,0,65527,65535,374,59704,63061,777
248,940,16594,65511,13,65524,0,65527,65535,382,59723,63074,778
304,1016,16548,65511,10,65524,0,65527,65535,383,59723,63055,779
274,940,16582,65512,11,65527,0,65527,65535,386,59713,63043,780
256,1028,16680,65511,11,65524,0,65527,65535,381,59722,63052,781
286,1018,16586,65510,11,65526,0,65527,65535,386,59731,63031,782
250,1004,16676,65511,12,65526,0,65527,65535,383,59725,63019,783
324,974,16642,65513,12,65525,0,65527,65535,384,59726,63033,784
236,940,16658,65512,12,65526,0,65527,65535,375,59741,63015,785
274,922,16616,65511,12,65526,0,65527,65535,380,59719,63020,786
280,986,16646,65511,11,65525,0,65527,65535,372,59715,63037,787
306,1006,16610,65511,11,65525,0,65527,65535,377,59724,63012,788
276,1038,16600,65511,11,65526,0,65527,65535,377,59723,63001,789
336,946,16590,65511,12,65525,0,65527,65535,380,59737,63008,790
280,958,16624,65513,11,65525,0,65527,65535,391,59749,63020,791
236,980,16678,65511,11,65526,0,65527,65535,387,59746,63002,792
386,1002,16634,65511,11,65525,0,65527,65535,384,59757,62991,793
230,974,16568,65512,10,65525,0,65527,65535,385,59731,62995,794
292,990,16696,65511,12,65525,0,65527,65535,391,59741,63000,795
268,942,16618,65511,13,65525,0,65527,65535,387,59737,63011,796
246,982,16698,65512,11,65525,0,65527,65535,375,59741,62995,797
238,936,16702,65511,12,65526,0,65527,65535,381,59745,63012,798
276,960,16710,65511,11,65526,0,65527,65535,390,59762,63018,799
328,976,16652,65514,11,65525,0,65527,65535,382,59779,63022,800
312,914,16586,65511,11,65526,0,65527,65535,376,59783,63016,801
296,976,16564,65512,12,65526,0,65527,65535,371,59759,63003,802
304,948,16656,65512,12,65525,0,65527,65535,365,59756,63008,803
232,944,16652,65511,12,65525,0,65527,65535,382,59743,63040,804
260,978,16684,65510,12,65525,0,65527,65535,388,59746,63045,805
250,988,16524,65511,12,65527,0,65527,65535,385,59741,63032,806
284,994,16556,65511,11,65524,0,65527,65535,385,59737,63036,807
294,960,16574,65511,12,65525,0,65527,65535,369,59744,63045,808
274,944,16674,65512,12,65524,0,65527,65535,381,59746,63055,809
264,990,16636,65511,11,65525,0,65527,65535,384,59725,63057,810
166,988,16588,65511,12,65526,0,65527,65535,377,59741,63070,811
320,994,16560,65511,13,65525,0,65527,65535,372,59749,63051,812
304,968,16540,65511,11,65525,0,65527,65535,365,59731,63048,813
284,968,16620,65511,10,65526,0,65527,65535,380,59728,63086,814
284,1020,16646,65513,13,65525,0,65527,65535,369,59730,63084,815
212,936,16528,65512,12,65526,0,65527,65535,377,59725,63071,816
236,954,16572,65512,10,65526,0,65527,65535,381,59719,63070,817
218,976,16648,65512,12,65525,0,65527,65535,375,59703,63053,818
288,922,16598,65511,11,65525,0,65527,65535,376,59714,63060,819
302,976,16636,65511,11,65525,0,65527,65535,385,59732,63072,820
248,964,16598,65511,12,65526,0,65527,65535,368,59732,63064,821
256,968,16634,65511,11,65527,0,65527,65535,378,59725,63064,822
264,986,16624,65512,11,65525,0,65527,65535,387,59711,63054,823
256,918,16590,65511,11,65526,0,65527,65535,377,59707,63045,824
278,954,16656,65511,11,65526,0,65527,65535,375,59723,63046,825
290,1004,16626,65512,12,65525,0,65527,65535,388,59727,63047,826
276,964,16550,65510,11,65525,0,65527,65535,384,59716,63044,827
258,934,16574,65511,12,65525,0,65527,65535,375,59720,63046,828
300,988,16712,65510,12,65526,0,65527,65535,373,59720,63044,829
276,996,16698,65510,11,65526,0,65527,65535,375,59728,63052,830
268,948,16626,65512,12,65525,0,65527,65535,389,59720,63055,831
278,988,16634,65512,12,65526,0,65527,65535,375,59727,63046,832
326,988,16558,65510,10,65526,0,65527,65535,385,59714,63039,833
294,1012,16620,65512,11,65525,0,65527,65535,384,59723,63038,834
306,1002,16532,65511,12,65526,0,65527,65535,373,59727,63036,835
254,992,16550,65511,11,65526,0,65527,65535,374,59725,63024,836
286,930,16688,65512,12,65526,0,65527,65535,379,59722,63031,837
280,976,16528,65511,12,65525,0,65527,65535,392,59732,63024,838
338,1000,16660,65511,11,65525,0,65527,65535,380,59747,63018,839
286,1014,16612,65512,13,65525,0,65527,65535,377,59743,63022,840
282,958,16660,65511,11,65525,0,65527,65535,364,59741,63027,841
294,962,16586,65512,11,65525,0,65527,65535,374,59730,63023,842
190,956,16642,65510,12,65525,0,65527,65535,390,59733,63020,843
244,984,16612,65511,12,65526,0,65527,65535,377,59738,63035,844
290,918,16614,65512,11,65526,0,65527,65535,384,59741,63034,845
334,1004,16640,65511,12,65525,0,65527,65535,373,59727,63020,846
330,966,16656,65512,12,65525,0,65527,65535,353,59739,63034,847
288,942,16720,65512,12,65525,0,65527,65535,378,59748,63023,848
308,1034,16686,65511,12,65527,0,65527,65535,387,59740,63019,849
270,982,16664,65510,12,65526,0,65527,65535,394,59730,63028,850
294,964,16596,65511,11,65524,0,65527,65535,361,59728,63023,851
244,1022,16640,65510,12,65526,0,65527,65535,385,59736,63029,852
316,932,16714,65513,12,65526,0,65527,65535,384,59735,63028,853
298,988,16638,65511,13,65525,0,65527,65535,379,59741,63036,854
324,982,16616,65510,12,65525,0,65527,65535,356,59724,63030,855
256,1000,16712,65511,11,65526,0,65527,65535,374,59722,63045,856
308,924,16640,65511,12,65526,0,65527,65535,377,59729,63038,857
274,1012,16752,65512,12,65525,0,65527,65535,383,59745,63031,858
232,934,16636,65511,12,65525,0,65527,65535,376,59726,63043,859
264,1006,16662,65512,14,65525,0,65527,65535,391,59737,63042,860
246,1002,16580,65512,12,65526,0,65527,65535,388,59741,63046,861
244,982,16644,65511,11,65525,0,65527,65535,372,59743,63035,862
292,974,16754,65512,12,65526,0,65527,65535,373,59754,63025,863
284,942,16710,65512,11,65526,0,65527,65535,376,59729,63036,864
288,1002,16564,65511,13,65524,0,65527,65535,360,59733,63038,865
276,898,16498,65513,12,65525,0,65527,65535,351,59738,63033,866
238,978,16684,65512,12,65525,0,65527,65535,362,59745,63021,867
288,952,16640,65511,9,65525,0,65527,65535,368,59743,63038,868
258,948,16586,65510,13,65525,0,65527,65535,365,59742,63013,869
264,974,16602,65511,12,65525,0,65527,65535,369,59742,63022,870
272,966,16766,65512,11,65526,0,65527,65535,377,59744,63025,871
288,924,16638,65511,11,65526,0,65527,65535,378,59749,63016,872
272,976,16590,65511,11,65525,0,65527,65535,366,59732,63027,873
290,1010,16558,65510,11,65526,0,65527,65535,351,59749,63036,874
254,926,16704,65511,12,65524,0,65527,65535,369,59742,63020,875
304,992,16654,65512,12,65525,0,65527,65535,377,59755,63025,876
254,956,16646,65511,12,65526,0,65527,65535,382,59747,63020,877
312,986,16574,65512,12,65524,0,65527,65535,382,59753,63031,878
276,938,16696,65511,12,65526,0,65527,65535,361,59761,63029,879
284,932,16620,65510,12,65526,0,65527,65535,376,59766,63018,880
260,870,16598,65512,12,65525,0,65527,65535,379,59749,63023,881
304,948,16696,65510,13,65525,0,65527,65535,368,59759,63001,882
304,984,16652,65511,12,65525,0,65527,65535,384,59753,63015,883
328,1000,16704,65510,12,65525,0,65527,65535,376,59752,63026,884
250,954,16614,65510,11,65526,0,65527,65535,369,59760,63002,885
274,934,16680,65511,12,65523,0,65527,65535,369,59764,63010,886
276,994,16730,65511,11,65526,0,65527,65535,388,59775,62989,887
244,1062,16630,65511,11,65524,0,65527,65535,379,59769,62998,888
264,1014,16610,65510,11,65526,0,65527,65535,363,59755,63024,889
216,970,16600,65511,10,65525,0,65527,65535,359,59754,63024,890
248,930,16686,65511,11,65525,0,65527,65535,385,59753,63017,891
290,948,16648,65510,12,65525,0,65527,65535,371,59741,63024,892
300,942,16656,65511,11,65526,0,65527,65535,367,59736,63024,893
244,1038,16660,65512,12,65525,0,65527,65535,369,59738,63024,894
252,1014,16616,65510,12,65524,0,65527,65535,355,59735,63008,895
270,976,16648,65511,11,65524,0,65527,65535,381,59739,63013,896
222,986,16726,65510,12,65525,0,65527,65535,375,59746,63016,897
292,914,16716,65511,11,65524,0,65527,65535,373,59754,63029,898
262,1004,16548,65511,12,65526,0,65527,65535,377,59754,63021,899
326,930,16646,65511,11,65526,0,65527,65535,380,59736,63026,900
274,968,16600,65511,12,65524,0,65527,65535,382,59739,63036,901
298,996,16668,65511,12,65526,0,65527,65535,382,59753,63012,902
270,996,16624,65512,12,65525,0,65526,65535,376,59745,63030,903
238,1012,16690,65510,10,65526,0,65526,65535,353,59752,63027,904
258,1024,16634,65511,12,65526,0,65526,65535,360,59755,63021,905
274,930,16640,65512,12,65526,0,65526,65535,373,59752,63034,906
306,964,16630,65512,11,65525,0,65527,65535,367,59740,63014,907
298,978,16680,65512,13,65526,0,65527,65535,376,59759,63038,908
296,1010,16582,65510,12,65527,0,65527,65535,380,59760,63045,909
290,990,16638,65511,13,65526,0,65527,65535,376,59737,63020,910
298,998,16620,65510,11,65526,0,65527,65535,379,59736,63016,911
262,928,16678,65512,12,65526,0,65527,65535,363,59749,63026,912
224,978,16708,65511,11,65525,0,65527,65535,372,59761,63025,913
244,968,16624,65512,12,65526,0,65527,65535,390,59759,63026,914
238,980,16620,65511,11,65525,0,65527,65535,390,59761,63028,915
282,970,16658,65511,11,65526,0,65527,65535,381,59745,63027,916
264,1006,16652,65511,11,65525,0,65527,65535,350,59753,63032,917
252,1002,16668,65511,12,65526,0,65527,65535,358,59758,63030,918
314,944,16570,65511,12,65525,0,65527,65535,365,59738,63026,919
308,914,16614,65510,13,65525,0,65527,65535,378,59734,63030,920
258,966,16552,65511,12,65525,0,65527,65535,372,59751,63022,921
264,1010,16670,65510,12,65526,0,65527,65535,372,59756,63019,922
276,970,16694,65513,10,65526,0,65527,65535,381,59753,63031,923
256,1006,16558,65512,12,65525,0,65527,65535,369,59748,63027,924
266,942,16564,65511,12,65525,0,65527,65535,388,59749,63021,925
250,980,16738,65512,12,65526,0,65527,65535,388,59760,63024,926
238,930,16642,65511,12,65525,0,65527,65535,370,59754,63022,927
274,980,16626,65510,11,65526,0,65527,65535,378,59749,63023,928
318,1002,16678,65511,12,65525,0,65527,65535,372,59743,63023,929
224,988,16598,65512,12,65527,0,65527,65535,370,59766,63015,930
290,994,16670,65512,11,65525,0,65527,65535,371,59763,63020,931
236,962,16556,65511,13,65525,0,65527,65535,376,59752,62999,932
268,972,16626,65512,12,65526,0,65527,65535,366,59753,63024,933
310,972,16638,65511,12,65526,0,65527,65535,379,59747,63030,934
278,992,16614,65510,11,65525,0,65527,65535,391,59744,63023,935
250,960,16558,65511,12,65525,0,65527,65535,385,59745,63003,936
280,978,16708,65511,13,65525,0,65527,65535,367,59765,62984,937
304,1016,16636,65511,12,65524,0,65527,65535,358,59757,63026,938
244,986,16576,65512,13,65527,0,65527,65535,380,59756,63015,939
288,1004,16610,65512,11,65525,0,65527,65535,388,59762,62990,940
276,1024,16722,65513,11,65525,0,65527,65535,386,59737,62979,941
210,902,16616,65511,13,65525,0,65527,65535,384,59745,63015,942
342,960,16518,65510,12,65524,0,65527,65535,383,59739,63017,943
344,964,16596,65512,13,65525,0,65527,65535,388,59727,62994,944
210,964,16622,65511,13,65525,0,65527,65535,379,59753,63006,945
274,952,16678,65512,13,65525,0,65527,65535,382,59757,62994,946
316,998,16660,65511,13,65525,0,65527,65535,372,59780,63010,947
284,1030,16608,65512,12,65525,0,65527,65535,365,59771,63034,948
312,1006,16708,65512,12,65525,0,65527,65535,378,59757,63009,949
322,1004,16692,65511,12,65527,0,65527,65535,391,59764,63013,950
250,990,16596,65512,13,65525,0,65527,65535,352,59760,63002,951
274,1022,16576,65510,11,65525,0,65527,65535,368,59753,62997,952
306,952,16570,65512,11,65526,0,65527,65535,379,59760,62986,953
326,922,16578,65512,13,65526,0,65527,65535,366,59771,62982,954
314,960,16698,65511,11,65525,0,65527,65535,358,59764,62998,955
228,976,16730,65511,13,65524,0,65527,65535,360,59763,62993,956
286,1008,16638,65511,12,65525,0,65527,65535,373,59761,62997,957
288,978,16638,65511,12,65524,0,65527,65535,384,59778,63005,958
236,1016,16682,65511,12,65526,0,65527,65535,377,59763,63009,959
288,972,16686,65512,11,65526,0,65527,65535,367,59757,62991,960
242,966,16582,65511,12,65525,0,65527,65535,373,59755,63008,961
290,976,16666,65510,12,65527,0,65527,65535,382,59759,63002,962
262,932,16584,65510,11,65525,0,65527,65535,382,59745,63012,963
286,968,16676,65511,11,65526,0,65527,65535,383,59750,63015,964
292,1008,16594,65511,11,65525,0,65527,65535,370,59736,63003,965
278,996,16634,65511,12,65525,0,65527,65535,373,59742,63021,966
202,946,16522,65511,12,65525,0,65527,65535,366,59742,63025,967
328,978,16820,65512,11,65525,0,65527,65535,362,59723,63047,968
238,1044,16562,65510,13,65524,0,65527,65535,355,59739,63021,969
276,914,16580,65511,11,65526,0,65527,65535,371,59754,63025,970
298,990,16686,65512,12,65524,0,65527,65535,375,59735,63029,971
294,954,16636,65511,12,65526,0,65527,65535,383,59749,63045,972
234,1054,16684,65510,11,65526,0,65527,65535,381,59741,63025,973
262,960,16560,65510,13,65524,0,65527,65535,374,59727,63041,974
230,950,16532,65510,13,65526,0,65527,65535,390,59726,63044,975
268,996,16622,65511,12,65525,0,65527,65535,381,59733,63049,976
222,940,16632,65511,11,65525,0,65527,65535,373,59732,63043,977
318,1020,16610,65510,10,65526,0,65527,65535,380,59722,63043,978
306,994,16644,65511,12,65525,0,65527,65535,375,59732,63070,979
356,946,16518,65510,11,65525,0,65527,65535,372,59731,63058,980
368,1016,16670,65511,12,65524,0,65527,65535,372,59728,63059,981
292,1018,16794,65511,13,65525,0,65527,65535,370,59730,63066,982
324,944,16732,65511,12,65526,0,65527,65535,368,59730,63053,983
290,956,16722,65511,11,65525,0,65527,65535,375,59714,63046,984
278,922,16646,65513,12,65525,0,65527,65535,379,59710,63071,985
242,1002,16666,65511,11,65526,0,65527,65535,381,59717,63064,986
350,914,16618,65512,12,65525,0,65527,65535,363,59710,63066,987
266,952,16662,65510,10,65526,0,65527,65535,380,59715,63080,988
184,1042,16588,65512,13,65526,0,65527,65535,397,59718,63091,989
296,988,16712,65511,12,65525,0,65527,65535,381,59716,63083,990
300,1024,16606,65509,12,65525,0,65527,65535,374,59700,63080,991
294,996,16668,65511,12,65526,0,65527,65535,375,59711,63085,992
252,940,16632,65511,11,65525,0,65527,65535,373,59703,63097,993
302,988,16590,65512,11,65525,0,65527,65535,377,59699,63099,994
262,950,16684,65510,13,65524,0,65527,65535,378,59698,63092,995
300,950,16594,65511,12,65525,0,65527,65535,382,59695,63093,996
280,990,16634,65512,11,65525,0,65527,65535,397,59691,63107,997
282,974,16630,65511,12,65525,0,65527,65535,393,59705,63081,998
276,958,16582,65512,12,65526,0,65527,65535,383,59713,63094,999
276,986,16516,65512,12,65526,0,65527,65535,375,59691,63101,1000
