304,956,16504,65511,8,65525,65535,4,777,104,59541,63002,1
316,892,16560,65510,8,65525,65535,4,777,104,59550,62984,2
258,890,16464,65512,10,65524,65535,4,777,95,59565,62983,3
284,886,16558,65511,11,65525,65535,4,777,97,59563,62982,4
300,882,16482,65510,10,65524,65535,4,777,87,59556,62974,5
314,886,16502,65511,9,65525,65535,4,777,83,59561,62992,6
262,944,16580,65512,9,65525,65535,4,777,102,59554,62984,7
332,864,16524,65510,9,65525,65535,4,777,81,59556,62977,8
314,930,16640,65510,11,65525,65535,4,777,84,59555,62993,9
270,972,16456,65511,10,65525,65535,4,777,111,59554,62980,10
298,920,16574,65511,9,65524,65535,4,777,113,59554,62979,11
312,908,16542,65510,9,65525,65535,4,777,107,59545,62990,12
328,912,16564,65512,10,65524,65535,4,777,105,59539,62991,13
342,868,16488,65511,8,65525,65535,4,777,97,59551,62981,14
286,880,16528,65511,8,65524,65535,4,777,85,59544,62974,15
334,874,16450,65512,8,65525,65535,4,777,87,59535,62991,16
290,952,16570,65512,9,65524,65535,4,777,108,59540,62989,17
314,942,16494,65510,9,65526,65535,4,777,96,59554,62961,18
324,912,16460,65510,10,65525,65535,4,777,91,59559,62990,19
318,906,16602,65511,8,65525,65535,4,777,88,59563,62978,20
278,944,16514,65511,8,65525,65535,4,777,100,59554,62989,21
338,868,16552,65512,8,65526,65535,4,777,114,59569,62987,22
282,916,16632,65512,10,65525,65535,4,777,100,59568,62994,23
320,924,16574,65512,7,65524,65535,4,777,85,59547,62980,24
288,892,16464,65513,10,65524,65535,4,777,80,59550,62988,25
308,896,16632,65512,8,65525,65535,4,777,86,59543,62983,26
358,942,16556,65511,8,65525,65535,4,777,91,59543,62980,27
350,878,16580,65512,9,65526,65535,4,777,86,59540,62986,28
288,924,16480,65512,9,65525,65535,4,777,98,59536,62971,29
324,882,16500,65511,9,65525,65535,4,777,109,59547,62970,30
288,960,16592,65512,9,65525,65535,4,777,90,59544,62982,31
322,912,16440,65511,9,65524,65535,4,777,87,59552,62987,32
296,886,16456,65511,10,65523,65535,4,777,101,59552,62965,33
328,880,16552,65511,10,65526,65535,4,777,88,59545,62980,34
212,874,16452,65509,7,65525,65535,4,777,94,59547,62985,35
300,900,16560,65509,9,65524,65535,4,777,103,59551,62982,36
282,860,16450,65513,10,65525,65535,4,777,100,59567,62983,37
350,962,16542,65512,9,65526,65535,4,777,96,59561,63001,38
326,848,16618,65509,9,65525,65535,4,777,108,59548,62999,39
350,904,16542,65511,10,65525,65535,4,777,105,59561,62992,40
328,882,16532,65510,9,65525,65535,4,777,110,59556,62992,41
302,848,16522,65510,9,65526,65535,4,777,85,59546,62979,42
342,886,16510,65512,10,65525,65535,4,777,85,59545,62990,43
298,972,16464,65512,10,65525,65535,4,777,103,59535,62982,44
242,896,16480,65512,9,65526,65535,4,777,105,59550,62982,45
256,914,16632,65511,10,65525,65535,4,777,108,59551,62984,46
292,868,16554,65510,9,65524,65535,4,777,102,59546,62992,47
320,964,16628,65510,10,65525,65535,4,777,86,59550,62994,48
312,908,16546,65512,9,65525,65535,4,777,75,59545,62996,49
348,894,16566,65511,8,65524,65535,4,777,76,59548,62980,50
274,960,16548,65511,8,65525,65535,4,777,102,59571,62958,51
300,878,16548,65513,8,65524,65535,4,777,100,59562,62962,52
284,938,16496,65512,9,65526,65535,4,777,97,59547,62977,53
286,884,16556,65511,9,65525,65535,4,777,95,59540,62987,54
310,864,16588,65512,10,65525,65535,4,777,99,59555,62984,55
332,886,16550,65510,10,65526,65535,4,777,114,59550,63010,56
288,986,16484,65510,8,65527,65535,4,777,106,59544,62998,57
306,910,16550,65511,8,65524,65535,4,777,101,59555,62975,58
328,906,16502,65511,9,65525,65535,4,777,108,59548,62996,59
294,898,16556,65513,10,65526,65535,4,777,100,59547,63006,60
310,914,16614,65510,9,65523,65535,4,777,94,59548,63000,61
296,888,16576,65511,9,65526,65535,4,777,90,59526,62988,62
326,918,16534,65511,9,65525,65535,4,777,91,59541,62978,63
376,824,16524,65510,10,65524,65535,4,777,101,59553,62990,64
286,940,16526,65511,9,65525,65535,4,777,88,59564,62996,65
322,894,16544,65511,9,65526,65535,4,777,89,59538,62977,66
326,938,16474,65511,9,65525,65535,4,777,85,59522,62980,67
306,890,16442,65511,9,65525,65535,4,777,112,59540,62978,68
284,878,16488,65511,10,65525,65535,4,777,103,59538,62982,69
320,874,16510,65511,10,65524,65535,4,777,93,59548,62995,70
316,862,16566,65511,10,65525,65535,4,777,93,59538,62991,71
366,858,16608,65510,9,65524,65535,4,777,86,59531,63004,72
324,940,16612,65513,8,65526,65535,4,777,92,59539,63005,73
364,912,16514,65510,9,65525,65535,4,777,100,59547,63016,74
300,846,16588,65511,9,65524,65535,4,777,113,59546,63013,75
312,914,16616,65511,9,65525,65535,4,777,111,59532,63000,76
304,932,16480,65512,10,65524,65535,4,777,94,59536,63010,77
336,898,16644,65512,9,65524,65535,4,777,81,59541,63014,78
302,944,16594,65512,8,65525,65535,4,777,99,59546,63003,79
320,884,16578,65512,8,65525,65535,4,777,108,59527,63016,80
298,908,16442,65510,9,65524,65535,4,777,93,59531,63027,81
316,908,16510,65512,9,65524,65535,4,777,79,59543,63054,82
332,874,16640,65511,10,65525,65535,4,777,79,59534,63056,83
344,920,16502,65512,9,65523,65535,4,777,89,59526,63057,84
302,870,16496,65512,9,65525,65535,4,777,89,59539,63044,85
360,898,16476,65511,10,65525,65535,4,777,104,59542,63035,86
284,924,16506,65511,9,65525,65535,4,777,122,59521,63039,87
264,866,16546,65513,8,65525,65535,4,777,127,59515,63023,88
222,876,16582,65511,9,65526,65535,4,777,117,59521,63024,89
308,904,16622,65511,8,65525,65535,4,777,92,59522,63025,90
320,882,16542,65512,9,65525,65535,4,777,97,59518,63037,91
284,914,16496,65511,11,65526,65535,4,777,94,59515,63033,92
286,878,16500,65511,10,65524,65535,4,777,111,59524,63040,93
302,858,16518,65512,9,65526,65535,4,777,100,59534,63034,94
348,872,16680,65511,9,65524,65535,4,777,118,59526,63035,95
300,838,16538,65513,10,65525,65535,4,777,122,59529,63043,96
334,966,16528,65511,8,65525,65535,4,777,104,59536,63045,97
272,914,16542,65511,9,65525,65535,4,777,102,59528,63053,98
320,864,16440,65511,10,65525,65535,4,777,90,59519,63045,99
338,898,16624,65511,9,65524,65535,4,777,86,59517,63050,100
320,900,16584,65511,9,65524,65535,4,777,96,59511,63034,101
358,894,16566,65510,9,65525,65535,4,777,89,59505,63023,102
338,934,16562,65511,9,65526,65535,4,777,89,59523,63033,103
348,864,16582,65511,10,65524,65535,4,777,100,59510,63030,104
314,946,16562,65511,10,65525,65535,4,777,83,59521,63044,105
328,928,16484,65512,10,65525,65535,4,777,87,59523,63050,106
332,882,16538,65511,9,65525,65535,4,777,97,59520,63055,107
326,942,16582,65512,8,65525,65535,4,777,100,59530,63058,108
282,966,16602,65512,10,65525,65535,4,777,115,59534,63051,109
364,898,16560,65510,8,65525,65535,4,777,100,59515,63041,110
320,926,16482,65511,10,65525,65535,4,777,98,59515,63052,111
316,972,16524,65510,10,65526,65535,4,777,96,59531,63057,112
306,860,16490,65510,10,65525,65535,4,777,99,59536,63072,113
286,968,16576,65512,9,65525,65535,4,777,96,59512,63069,114
342,928,16596,65511,10,65526,65535,4,777,102,59523,63062,115
338,922,16520,65511,9,65525,65535,4,777,103,59521,63071,116
282,878,16498,65512,9,65525,65535,4,777,106,59512,63062,117
314,910,16504,65512,10,65523,65535,4,777,119,59509,63052,118
280,932,16638,65511,10,65524,65535,4,777,99,59500,63053,119
282,976,16544,65511,10,65526,65535,4,777,109,59498,63051,120
308,866,16458,65511,10,65525,65535,4,777,112,59511,63050,121
304,848,16596,65513,10,65524,65535,4,777,105,59521,63052,122
310,894,16502,65512,10,65526,65535,4,777,121,59512,63057,123
338,912,16532,65511,10,65525,65535,4,777,110,59498,63056,124
288,870,16494,65511,8,65524,65535,4,777,109,59498,63049,125
318,928,16510,65511,9,65524,65535,4,777,99,59516,63065,126
266,918,16542,65512,9,65524,65535,4,777,92,59513,63072,127
324,944,16480,65511,10,65526,65535,4,777,112,59507,63063,128
272,884,16460,65511,9,65524,65535,4,777,109,59519,63054,129
282,888,16582,65512,10,65525,65535,4,777,98,59529,63032,130
314,920,16558,65511,9,65526,65535,4,777,92,59525,63034,131
272,882,16576,65512,9,65526,65535,4,777,97,59516,63031,132
274,908,16558,65509,9,65524,65535,4,777,110,59510,63036,133
322,840,16546,65511,10,65525,65535,4,777,110,59524,63043,134
322,910,16522,65512,9,65524,65535,4,777,108,59528,63048,135
294,924,16548,65511,9,65525,65535,4,777,111,59528,63038,136
378,872,16556,65511,9,65525,65535,4,777,118,59529,63046,137
300,892,16540,65512,9,65525,65535,4,777,107,59518,63073,138
292,918,16490,65512,9,65525,65535,4,777,106,59516,63067,139
356,876,16554,65511,9,65524,65535,4,777,104,59529,63054,140
304,890,16596,65511,9,65524,65535,4,777,114,59537,63058,141
326,908,16484,65511,10,65524,65535,4,777,124,59527,63044,142
304,864,16520,65511,10,65524,65535,4,777,111,59505,63028,143
286,932,16506,65512,9,65525,65535,4,777,109,59520,63031,144
268,916,16564,65510,9,65525,65535,4,777,107,59523,63027,145
326,868,16544,65511,11,65526,65535,4,777,116,59503,63038,146
262,928,16556,65514,9,65524,65535,4,777,119,59513,63034,147
280,890,16496,65512,10,65524,65535,4,777,117,59522,63033,148
298,922,16544,65512,9,65525,65535,4,777,110,59533,63043,149
366,916,16522,65511,11,65526,65535,4,777,110,59526,63030,150
264,876,16526,65511,10,65525,65535,4,777,124,59514,63044,151
304,974,16470,65511,9,65525,65535,4,777,123,59516,63034,152
278,880,16478,65513,10,65524,65535,4,777,114,59533,63024,153
328,946,16562,65510,8,65525,65535,4,777,106,59530,63022,154
262,914,16492,65511,8,65526,65535,4,777,93,59534,63024,155
294,918,16488,65510,9,65525,65535,4,777,100,59522,63029,156
310,878,16524,65511,10,65525,65535,4,777,95,59533,63022,157
276,918,16552,65510,9,65526,65535,4,777,96,59535,63021,158
312,918,16538,65511,9,65526,65535,4,777,113,59519,63034,159
326,838,16518,65511,8,65525,65535,4,777,100,59528,63038,160
356,952,16472,65511,10,65525,65535,4,777,94,59528,63042,161
290,898,16436,65512,9,65524,65535,4,777,95,59532,63043,162
250,932,16604,65512,9,65525,65535,4,777,91,59547,63030,163
298,894,16510,65512,8,65525,65535,4,777,100,59531,63049,164
356,896,16566,65511,8,65524,65535,4,777,93,59517,63059,165
290,884,16476,65511,10,65524,65535,4,777,82,59508,63054,166
276,960,16610,65511,8,65524,65535,4,777,92,59509,63041,167
262,864,16522,65513,8,65525,65535,4,777,95,59508,63031,168
290,918,16548,65511,8,65525,65535,4,777,109,59514,63034,169
266,858,16616,65511,10,65524,65535,4,777,109,59510,63040,170
332,872,16600,65512,9,65524,65535,4,777,98,59510,63034,171
292,928,16428,65512,8,65524,65535,4,777,73,59513,63055,172
346,920,16582,65511,8,65525,65535,4,777,91,59521,63028,173
332,894,16582,65511,8,65525,65535,4,777,93,59532,63021,174
324,890,16562,65512,10,65525,65535,4,777,85,59514,63039,175
272,912,16478,65511,9,65525,65535,4,777,96,59512,63033,176
350,922,16534,65512,9,65526,65535,4,777,96,59526,63036,177
336,870,16508,65510,10,65525,65535,4,777,89,59513,63034,178
326,908,16474,65510,8,65525,65535,4,777,120,59518,63037,179
286,898,16552,65511,9,65523,65535,4,777,95,59524,63024,180
244,890,16628,65511,9,65525,65535,4,777,101,59516,63019,181
382,894,16580,65513,10,65525,65535,4,777,93,59518,63033,182
294,916,16508,65511,9,65524,65535,4,777,98,59528,63038,183
380,874,16524,65513,9,65525,65535,4,777,111,59528,63035,184
300,888,16606,65512,9,65525,65535,4,777,103,59508,63034,185
290,908,16464,65511,9,65524,65535,4,777,106,59513,63031,186
262,922,16606,65511,8,65526,65535,4,777,109,59516,63033,187
326,858,16648,65512,9,65524,65535,4,777,117,59515,63043,188
328,916,16608,65512,10,65523,65535,4,777,83,59511,63039,189
242,996,16552,65510,10,65524,65535,4,777,90,59502,63029,190
296,894,16552,65513,9,65524,65535,4,777,96,59508,63031,191
332,860,16532,65512,8,65524,65535,4,777,97,59526,63019,192
284,924,16540,65510,9,65525,65535,4,777,92,59514,63022,193
314,894,16550,65511,9,65525,65535,4,777,97,59497,63046,194
284,910,16532,65511,10,65524,65535,4,777,99,59509,63056,195
264,916,16488,65512,9,65524,65535,4,777,114,59517,63025,196
336,888,16558,65511,9,65525,65535,4,777,123,59516,63010,197
292,902,16612,65512,9,65524,65535,4,777,108,59528,63017,198
280,946,16492,65512,10,65525,65535,4,777,110,59514,63024,199
260,888,16560,65511,8,65524,65535,4,777,104,59520,63031,200
300,924,16576,65510,9,65525,65535,4,777,108,59523,63031,201
304,888,16520,65511,11,65524,65535,4,777,90,59509,63029,202
350,870,16512,65512,8,65525,65535,4,777,103,59504,63033,203
306,902,16546,65512,10,65525,65535,4,777,110,59508,63023,204
312,866,16514,65511,8,65525,65535,4,777,112,59518,63018,205
310,976,16436,65510,8,65525,65535,4,777,94,59528,63027,206
234,968,16586,65512,8,65524,65535,4,777,101,59519,63045,207
326,898,16726,65511,10,65525,65535,4,777,106,59514,63062,208
250,912,16542,65512,10,65525,65535,4,777,108,59506,63066,209
244,916,16612,65510,11,65525,65535,4,777,111,59501,63062,210
284,914,16548,65511,8,65525,65535,4,777,112,59499,63048,211
250,808,16508,65511,10,65525,65535,4,777,110,59520,63042,212
334,910,16536,65512,9,65524,65535,4,777,99,59521,63050,213
308,930,16592,65510,9,65525,65535,4,777,113,59505,63050,214
290,932,16512,65513,11,65526,65535,4,777,108,59508,63038,215
342,928,16624,65511,10,65525,65535,4,777,106,59512,63032,216
282,928,16466,65511,9,65524,65535,4,777,106,59505,63033,217
270,902,16540,65509,9,65525,65535,4,777,103,59502,63043,218
312,896,16630,65512,8,65526,65535,4,777,93,59508,63055,219
322,906,16486,65513,9,65525,65535,4,777,102,59517,63035,220
344,884,16522,65510,11,65526,65535,4,777,99,59512,63017,221
328,912,16536,65509,9,65525,65535,4,777,95,59514,63020,222
322,920,16602,65511,9,65525,65535,4,777,99,59504,63031,223
298,934,16464,65512,10,65524,65535,4,777,96,59491,63031,224
322,866,16524,65511,9,65526,65535,4,777,114,59501,63031,225
320,916,16564,65511,9,65525,65535,4,777,96,59499,63041,226
312,884,16458,65510,9,65525,65535,4,777,92,59509,63042,227
306,936,16614,65512,9,65524,65535,4,777,110,59512,63040,228
354,924,16634,65511,10,65525,65535,4,777,115,59514,63049,229
342,880,16568,65510,9,65525,65535,4,777,96,59507,63052,230
292,944,16492,65510,10,65524,65535,4,777,91,59514,63037,231
306,872,16494,65511,9,65524,65535,4,777,89,59524,63039,232
256,908,16514,65511,10,65525,65535,4,777,101,59519,63028,233
318,918,16468,65512,9,65524,65535,4,777,102,59520,63019,234
328,842,16478,65511,9,65524,65535,4,777,117,59486,63023,235
314,884,16456,65512,10,65525,65535,4,777,101,59496,63024,236
282,914,16592,65511,10,65526,65535,4,777,84,59504,63037,237
314,922,16548,65512,10,65526,65535,4,777,90,59505,63046,238
386,880,16486,65511,8,65525,65535,4,777,97,59516,63049,239
308,852,16522,65511,8,65524,65535,4,777,92,59506,63032,240
274,860,16606,65513,10,65525,65535,4,777,99,59509,63030,241
322,920,16592,65513,10,65525,65535,4,777,100,59517,63035,242
290,848,16484,65513,9,65523,65535,4,777,101,59524,63025,243
292,916,16606,65512,10,65523,65535,4,777,110,59524,63032,244
340,954,16556,65513,10,65525,65535,4,777,93,59537,63034,245
276,892,16376,65514,8,65526,65535,4,777,78,59526,63040,246
322,914,16484,65512,9,65524,65535,4,777,91,59517,63050,247
214,924,16608,65512,9,65526,65535,4,777,91,59515,63035,248
354,930,16598,65512,9,65524,65535,4,777,98,59530,63031,249
268,900,16496,65512,9,65525,65535,4,777,102,59531,63029,250
328,910,16498,65513,9,65525,65535,4,777,102,59528,63023,251
298,892,16420,65513,9,65526,65535,4,777,97,59521,63010,252
282,912,16552,65512,8,65524,65535,4,777,86,59519,63012,253
300,928,16600,65512,9,65525,65535,4,777,99,59517,63017,254
376,898,16414,65512,10,65525,65535,4,777,101,59525,63013,255
298,956,16446,65511,9,65525,65535,4,777,99,59531,63040,256
328,864,16602,65511,9,65525,65535,4,777,95,59534,63036,257
320,944,16592,65511,10,65527,65535,4,777,105,59543,63009,258
308,896,16412,65511,9,65525,65535,4,777,88,59518,63001,259
314,872,16572,65511,9,65526,65535,4,777,93,59516,63015,260
288,918,16536,65512,9,65525,65535,4,777,88,59536,63004,261
336,872,16530,65512,8,65526,65535,4,777,95,59547,62998,262
298,892,16518,65511,8,65525,65535,4,777,89,59552,62993,263
250,940,16580,65511,9,65525,65535,4,777,94,59551,62995,264
310,854,16564,65512,9,65526,65535,4,777,102,59556,62995,265
238,964,16498,65512,9,65524,65535,4,777,114,59537,63002,266
264,878,16502,65510,11,65523,65535,4,777,103,59542,63019,267
290,906,16608,65511,9,65524,65535,4,777,97,59543,62995,268
348,912,16624,65512,8,65524,65535,4,777,106,59534,62985,269
306,882,16486,65511,8,65524,65535,4,777,98,59544,62997,270
320,852,16508,65510,8,65525,65535,4,777,91,59548,62997,271
316,944,16620,65510,9,65524,65535,4,777,111,59547,62989,272
344,826,16618,65511,8,65524,65535,4,777,109,59547,62990,273
294,904,16470,65513,9,65526,65535,4,777,102,59549,62988,274
338,870,16520,65511,10,65525,65535,4,777,97,59549,62989,275
306,856,16480,65513,8,65525,65535,4,777,91,59540,62999,276
316,812,16502,65512,9,65524,65535,4,777,99,59543,63000,277
302,934,16452,65512,9,65525,65535,4,777,113,59541,62971,278
304,838,16466,65510,9,65526,65535,4,777,102,59535,62988,279
308,880,16482,65510,8,65525,65535,4,777,105,59554,62995,280
262,920,16492,65511,8,65525,65535,4,777,87,59544,62999,281
330,886,16516,65512,9,65525,65535,4,777,82,59547,62996,282
346,864,16662,65513,9,65525,65535,4,777,88,59557,62991,283
250,868,16522,65510,10,65526,65535,4,777,103,59549,62992,284
274,920,16636,65510,9,65524,65535,4,777,96,59544,62982,285
272,914,16522,65511,10,65524,65535,4,777,113,59548,62999,286
250,934,16550,65510,9,65526,65535,4,777,135,59560,63001,287
410,886,16510,65511,9,65524,65535,4,777,110,59559,62985,288
302,880,16544,65511,7,65525,65535,4,777,111,59566,62975,289
320,946,16616,65512,10,65525,65535,4,777,94,59553,62965,290
332,884,16598,65510,8,65525,65535,4,777,104,59563,62979,291
330,882,16578,65512,8,65526,65535,4,777,115,59555,62981,292
304,938,16516,65511,9,65524,65535,4,777,114,59559,62970,293
292,908,16626,65512,10,65526,65535,4,777,102,59562,62966,294
364,878,16470,65511,10,65524,65535,4,777,121,59564,62960,295
268,942,16508,65511,10,65524,65535,4,777,114,59564,62965,296
248,930,16530,65512,8,65525,65535,4,777,119,59569,62982,297
300,928,16500,65510,9,65525,65535,4,777,96,59564,62981,298
330,918,16446,65511,8,65525,65535,4,777,102,59556,62979,299
300,940,16434,65511,9,65525,65535,4,777,115,59576,62975,300
306,930,16524,65511,8,65525,65535,4,777,105,59558,62965,301
264,870,16472,65512,10,65525,65535,4,777,96,59550,62963,302
324,880,16464,65512,10,65524,65535,4,777,89,59556,62961,303
290,916,16446,65511,9,65524,65535,4,777,109,59552,62966,304
354,932,16512,65512,10,65525,65535,4,777,109,59553,62934,305
218,918,16566,65511,9,65524,65535,4,777,107,59563,62946,306
308,866,16534,65512,9,65526,65535,4,777,122,59568,62972,307
294,906,16536,65510,10,65523,65535,4,777,136,59555,62974,308
294,914,16498,65511,9,65524,65535,4,777,102,59546,62965,309
264,906,16514,65511,8,65525,65535,4,777,117,59552,62967,310
328,882,16562,65511,8,65525,65535,4,777,122,59557,62966,311
276,942,16502,65511,10,65525,65535,4,777,104,59564,62963,312
314,864,16512,65511,10,65525,65535,4,777,116,59568,62983,313
280,898,16456,65511,10,65525,65535,4,777,116,59551,62980,314
308,972,16460,65512,9,65525,65535,4,777,105,59565,62973,315
352,898,16536,65513,9,65525,65535,4,777,113,59566,62960,316
318,884,16552,65512,9,65525,65535,4,777,121,59542,62967,317
288,956,16554,65512,9,65525,65535,4,777,118,59561,62990,318
334,866,16510,65512,9,65525,65535,4,777,104,59551,63007,319
322,940,16552,65511,9,65526,65535,4,777,113,59549,62982,320
310,888,16556,65511,8,65524,65535,4,777,118,59540,62962,321
318,896,16460,65511,10,65523,65535,4,777,123,59555,62978,322
328,876,16536,65511,10,65525,65535,4,777,108,59577,62983,323
324,916,16554,65512,7,65524,65535,4,777,98,59568,62984,324
310,920,16480,65511,9,65525,65535,4,777,102,59556,62986,325
268,906,16468,65511,10,65526,65535,4,777,102,59555,62983,326
308,878,16502,65511,10,65523,65535,4,777,101,59549,62966,327
294,830,16582,65512,9,65524,65535,4,777,74,59543,62950,328
250,928,16564,65510,10,65524,65535,4,777,84,59545,62949,329
322,886,16428,65511,7,65526,65535,4,777,108,59568,62988,330
308,906,16464,65512,10,65524,65535,4,777,104,59559,63008,331
322,944,16590,65511,9,65525,65535,4,777,101,59561,62988,332
328,890,16562,65512,9,65525,65535,4,777,113,59554,62985,333
320,910,16490,65512,10,65523,65535,4,777,98,59544,62990,334
290,894,16582,65512,9,65525,65535,4,777,90,59552,62989,335
336,938,16586,65511,9,65524,65535,4,777,101,59562,62975,336
296,854,16488,65512,10,65525,65535,4,777,101,59563,62980,337
338,926,16472,65511,8,65524,65535,4,777,84,59545,62974,338
286,920,16522,65511,9,65526,65535,4,777,103,59552,62974,339
306,874,16448,65509,10,65524,65535,4,777,102,59556,62996,340
318,860,16482,65512,10,65525,65535,4,777,103,59547,62992,341
340,918,16578,65508,9,65524,65535,4,777,91,59547,62980,342
388,918,16552,65510,9,65525,65535,4,777,85,59528,62965,343
292,886,16506,65512,10,65525,65535,4,777,86,59539,62993,344
342,916,16444,65511,10,65523,65535,4,777,106,59548,63003,345
246,986,16476,65511,9,65524,65535,4,777,102,59539,63005,346
296,898,16606,65511,9,65525,65535,4,777,100,59530,63003,347
314,938,16536,65512,10,65524,65535,4,777,100,59529,63005,348
298,908,16564,65511,8,65525,65535,4,777,106,59537,62997,349
356,960,16516,65513,10,65525,65535,4,777,108,59557,62994,350
306,902,16510,65512,9,65524,65535,4,777,105,59559,62991,351
260,910,16596,65512,8,65525,65535,4,777,103,59552,62968,352
310,902,16484,65511,9,65523,65535,4,777,101,59553,62968,353
242,922,16536,65511,9,65525,65535,4,777,101,59557,62995,354
372,836,16596,65509,8,65524,65535,4,777,104,59547,62980,355
276,930,16548,65511,9,65525,65535,4,777,94,59539,62981,356
310,910,16446,65511,10,65526,65535,4,777,105,59535,62988,357
306,902,16580,65512,9,65527,65535,4,777,101,59544,62986,358
314,922,16542,65510,10,65525,65535,4,777,99,59564,62991,359
252,894,16598,65511,9,65523,65535,4,777,117,59559,62999,360
270,936,16612,65511,9,65524,65535,4,777,117,59545,62992,361
274,892,16650,65510,9,65525,65535,4,777,105,59536,62986,362
278,932,16488,65512,10,65526,65535,4,777,98,59545,62992,363
250,848,16426,65513,9,65527,65535,4,777,102,59539,63000,364
390,908,16520,65511,11,65525,65535,4,777,112,59545,62990,365
294,912,16532,65512,9,65524,65535,4,777,111,59543,62976,366
290,896,16518,65512,9,65524,65535,4,777,109,59538,62989,367
370,872,16498,65511,10,65525,65535,4,777,125,59551,62989,368
268,860,16460,65511,9,65525,65535,4,777,116,59550,62984,369
362,920,16548,65512,9,65525,65535,4,777,116,59530,62968,370
322,920,16418,65511,7,65526,65535,4,777,97,59515,62967,371
316,902,16568,65509,9,65523,65535,4,777,100,59535,62977,372
310,890,16528,65512,9,65526,65535,4,777,90,59543,62986,373
308,868,16514,65511,9,65524,65535,4,777,95,59544,62990,374
382,894,16580,65512,11,65524,65535,4,777,99,59537,62977,375
304,922,16654,65511,10,65525,65535,4,777,109,59545,62960,376
302,936,16610,65511,7,65525,65535,4,777,117,59536,62966,377
266,922,16598,65511,8,65525,65535,4,777,105,59539,62976,378
288,944,16522,65510,10,65524,65535,4,777,99,59561,62987,379
316,862,16550,65514,9,65525,65535,4,777,121,59558,62994,380
330,900,16476,65511,10,65526,65535,4,777,115,59550,62979,381
222,892,16462,65512,8,65524,65535,4,777,89,59570,62972,382
258,848,16552,65510,9,65524,65535,4,777,123,59565,62977,383
332,896,16654,65511,9,65525,65535,4,777,103,59555,62978,384
286,902,16542,65512,8,65525,65535,4,777,104,59564,62979,385
334,950,16542,65512,9,65524,65535,4,777,98,59555,62966,386
302,886,16580,65513,11,65524,65535,4,777,91,59552,62972,387
306,924,16654,65512,8,65525,65535,4,777,87,59568,62970,388
264,912,16482,65511,8,65525,65535,4,777,93,59563,62954,389
240,956,16574,65512,10,65524,65535,4,777,108,59562,62959,390
282,920,16552,65511,10,65526,65535,4,777,103,59555,62981,391
302,900,16496,65510,9,65526,65535,4,777,110,59546,62981,392
272,908,16476,65511,8,65524,65535,4,777,101,59553,62980,393
284,850,16624,65510,9,65525,65535,4,777,105,59566,62965,394
302,888,16540,65512,8,65525,65535,4,777,120,59551,62957,395
268,924,16546,65510,9,65524,65535,4,777,112,59550,62962,396
260,864,16574,65511,10,65525,65535,4,777,108,59545,62966,397
278,956,16554,65511,8,65525,65535,4,777,97,59536,62957,398
364,900,16520,65512,8,65524,65535,4,777,91,59542,62958,399
342,884,16578,65512,10,65525,65535,4,777,97,59565,62959,400
364,908,16442,65511,10,65524,65535,4,777,99,59576,62952,401
352,920,16528,65512,10,65524,65535,4,777,104,59570,62964,402
270,856,16552,65512,10,65525,65535,4,777,105,59561,62966,403
326,864,16464,65511,8,65526,65535,4,777,112,59546,62961,404
330,928,16530,65511,9,65525,65535,4,777,110,59546,62957,405
290,898,16530,65510,9,65525,65535,4,777,107,59565,62962,406
282,898,16568,65512,10,65526,65535,4,777,106,59556,62960,407
318,910,16528,65511,10,65524,65535,4,777,117,59551,62966,408
284,874,16524,65510,9,65524,65535,4,777,110,59542,62985,409
244,930,16568,65511,9,65524,65535,4,777,92,59542,63014,410
314,928,16430,65512,8,65525,65535,4,777,87,59522,62991,411
284,874,16550,65511,9,65524,65535,4,777,93,59528,62970,412
258,894,16570,65510,8,65525,65535,4,777,105,59547,62970,413
276,946,16516,65511,8,65526,65535,4,777,107,59553,62977,414
292,876,16596,65510,8,65526,65535,4,777,101,59559,62962,415
302,898,16500,65511,9,65525,65535,4,777,98,59551,62974,416
312,878,16576,65513,10,65525,65535,4,777,101,59549,62961,417
264,894,16488,65512,9,65524,65535,4,777,98,59564,62954,418
298,880,16532,65512,9,65525,65535,4,777,115,59561,62967,419
296,900,16492,65510,9,65525,65535,4,777,112,59546,62964,420
318,926,16532,65511,8,65525,65535,4,777,101,59545,62977,421
294,906,16668,65510,10,65524,65535,4,777,91,59566,62963,422
378,892,16540,65511,10,65525,65535,4,777,97,59570,62956,423
290,952,16578,65514,9,65525,65535,4,777,104,59547,62969,424
256,882,16542,65512,9,65524,65535,4,777,93,59557,62939,425
342,902,16512,65512,11,65526,65535,4,777,93,59554,62925,426
356,886,16444,65512,10,65525,65535,4,777,105,59552,62949,427
340,930,16574,65511,9,65526,65535,4,777,99,59562,62940,428
268,902,16482,65511,8,65526,65535,4,777,93,59541,62920,429
306,874,16656,65511,8,65525,65535,4,777,115,59547,62930,430
280,906,16526,65511,9,65526,65535,4,777,105,59558,62932,431
278,880,16518,65511,9,65524,65535,4,777,83,59563,62938,432
254,944,16496,65512,10,65525,65535,4,777,90,59572,62935,433
268,860,16648,65510,7,65524,65535,4,777,103,59575,62934,434
334,856,16570,65511,10,65525,65535,4,777,90,59572,62939,435
332,882,16544,65513,9,65524,65535,4,777,94,59558,62930,436
272,870,16510,65512,10,65526,65535,4,777,95,59571,62922,437
268,862,16498,65511,10,65525,65535,4,777,121,59565,62927,438
380,920,16582,65511,10,65524,65535,4,777,118,59582,62944,439
298,892,16528,65511,10,65524,65535,4,777,94,59577,62930,440
374,908,16582,65511,10,65524,65535,4,777,82,59564,62919,441
296,910,16540,65509,8,65525,65535,4,777,92,59578,62930,442
302,900,16494,65511,9,65525,65535,4,777,102,59594,62908,443
336,938,16584,65511,9,65525,65535,4,777,107,59592,62919,444
300,888,16390,65511,10,65526,65535,4,777,106,59574,62916,445
288,924,16584,65512,8,65525,65535,4,777,111,59580,62924,446
318,890,16598,65510,9,65525,65535,4,777,107,59570,62924,447
274,888,16604,65512,8,65526,65535,4,777,113,59574,62916,448
314,932,16566,65511,9,65526,65535,4,777,103,59582,62912,449
312,856,16582,65513,10,65524,65535,4,777,100,59584,62909,450
318,944,16550,65511,9,65525,65535,4,777,100,59580,62918,451
274,916,16568,65510,10,65524,65535,4,777,116,59582,62926,452
356,922,16510,65512,8,65525,65535,4,777,105,59577,62922,453
336,878,16546,65511,10,65526,65535,4,777,88,59565,62912,454
264,958,16464,65513,10,65525,65535,4,777,86,59568,62916,455
278,946,16548,65509,9,65524,65535,4,777,102,59589,62923,456
278,902,16550,65511,9,65523,65535,4,777,96,59583,62925,457
360,938,16592,65510,9,65526,65535,4,777,95,59566,62915,458
346,878,16560,65511,10,65525,65535,4,777,112,59574,62914,459
256,882,16602,65512,10,65525,65535,4,777,103,59593,62903,460
320,870,16466,65511,10,65524,65535,4,777,108,59583,62896,461
304,874,16468,65511,10,65526,65535,4,777,104,59590,62904,462
336,892,16508,65511,8,65525,65535,4,777,91,59593,62902,463
278,934,16584,65511,8,65524,65535,4,777,95,59602,62908,464
294,884,16430,65510,9,65525,65535,4,777,111,59598,62901,465
322,890,16536,65512,7,65524,65535,4,777,119,59586,62903,466
310,894,16438,65511,10,65525,65535,4,777,108,59584,62895,467
266,910,16574,65511,8,65524,65535,4,777,110,59572,62891,468
284,898,16502,65511,7,65524,65535,4,777,102,59587,62905,469
350,940,16660,65512,9,65526,65535,4,777,88,59585,62917,470
330,896,16456,65512,9,65523,65535,4,777,91,59586,62924,471
282,924,16482,65510,10,65524,65535,4,777,88,59581,62912,472
322,900,16426,65510,8,65526,65535,4,777,87,59576,62924,473
234,900,16564,65511,9,65525,65535,4,777,104,59576,62934,474
336,966,16526,65511,9,65526,65535,4,777,110,59581,62923,475
298,930,16620,65512,8,65524,65535,4,777,108,59599,62915,476
316,886,16586,65511,9,65526,65535,4,777,112,59581,62915,477
248,946,16572,65511,9,65525,65535,4,777,108,59575,62935,478
290,882,16594,65512,10,65524,65535,4,777,93,59565,62925,479
326,892,16486,65510,9,65526,65535,4,777,95,59567,62921,480
310,852,16460,65512,8,65525,65535,4,777,96,59572,62932,481
290,920,16626,65511,8,65525,65535,4,777,89,59564,62933,482
308,894,16534,65513,9,65525,65535,4,777,83,59570,62910,483
326,892,16552,65511,9,65524,65535,4,777,113,59575,62908,484
310,860,16582,65511,9,65524,65535,4,777,103,59590,62927,485
290,892,16440,65512,10,65525,65535,4,777,88,59573,62925,486
258,886,16534,65511,10,65526,65535,4,777,117,59572,62933,487
296,914,16586,65513,11,65525,65535,4,777,108,59571,62934,488
306,924,16652,65513,8,65526,65535,4,777,107,59575,62929,489
314,862,16466,65511,9,65525,65535,4,777,107,59574,62937,490
306,940,16534,65511,10,65525,65535,4,777,100,59584,62930,491
310,878,16608,65510,9,65525,65535,4,777,92,59577,62941,492
260,898,16578,65511,9,65524,65535,4,777,113,59576,62948,493
306,922,16532,65513,8,65525,65535,4,777,104,59588,62949,494
320,872,16536,65512,9,65526,65535,4,777,99,59578,62939,495
332,876,16520,65511,9,65525,65535,4,777,104,59574,62933,496
276,876,16514,65510,9,65526,65535,4,777,113,59591,62940,497
314,894,16582,65512,8,65524,65535,4,777,106,59591,62937,498
338,918,16528,65511,9,65525,65535,4,777,96,59576,62955,499
298,800,16584,65512,8,65524,65535,4,777,85,59573,62949,500
326,892,16470,65514,10,65525,65535,4,777,88,59557,62935,501
302,894,16582,65512,9,65525,65535,4,777,110,59567,62956,502
274,898,16664,65510,8,65524,65535,4,777,132,59582,62947,503
290,860,16516,65512,10,65525,65535,4,777,107,59566,62938,504
334,866,16510,65511,10,65524,65535,4,777,119,59588,62952,505
270,954,16546,65512,10,65525,65535,4,777,110,59580,62933,506
322,904,16516,65512,10,65525,65535,4,777,106,59566,62922,507
300,926,16626,65512,9,65526,65535,4,777,121,59571,62920,508
294,878,16512,65512,10,65525,65535,4,777,125,59574,62909,509
360,904,16558,65512,9,65525,65535,4,777,125,59571,62911,510
282,864,16636,65511,8,65524,65535,4,777,101,59563,62909,511
294,926,16586,65510,10,65525,65535,4,777,94,59565,62922,512
254,918,16412,65512,9,65525,65535,4,777,113,59573,62933,513
306,882,16530,65512,9,65524,65535,4,777,116,59587,62914,514
314,896,16514,65511,10,65525,65535,4,777,112,59579,62925,515
298,940,16518,65512,9,65525,65535,4,777,110,59592,62944,516
306,870,16550,65510,9,65524,65535,4,777,102,59585,62929,517
304,878,16536,65510,9,65526,65535,4,777,102,59585,62922,518
326,918,16518,65511,10,65525,65535,4,777,100,59586,62930,519
272,874,16528,65512,10,65525,65535,4,777,100,59567,62929,520
260,870,16576,65512,8,65525,65535,4,777,107,59581,62908,521
316,932,16420,65512,8,65524,65535,4,777,113,59580,62887,522
320,892,16492,65511,9,65525,65535,4,777,113,59581,62914,523
264,868,16526,65510,9,65524,65535,4,777,101,59592,62926,524
282,852,16562,65512,9,65525,65535,4,777,85,59589,62910,525
348,948,16624,65511,8,65525,65535,4,777,95,59591,62912,526
322,894,16528,65511,10,65524,65535,4,777,105,59596,62920,527
332,930,16510,65513,10,65525,65535,4,777,114,59606,62894,528
318,842,16592,65511,9,65526,65535,4,777,125,59594,62901,529
248,922,16418,65511,10,65524,65535,4,777,101,59595,62914,530
314,920,16504,65513,9,65524,65535,4,777,109,59606,62917,531
344,854,16594,65511,11,65525,65535,4,777,117,59605,62923,532
356,848,16492,65511,9,65525,65535,4,777,109,59597,62922,533
346,964,16450,65510,11,65525,65535,4,777,105,59604,62921,534
344,898,16520,65510,8,65525,65535,4,777,113,59597,62899,535
284,904,16486,65509,10,65524,65535,4,777,107,59609,62894,536
300,862,16524,65513,10,65525,65535,4,777,101,59605,62901,537
268,888,16626,65513,8,65523,65535,4,778,104,59587,62892,538
330,856,16400,65512,10,65525,65535,4,778,93,59601,62895,539
352,886,16464,65509,9,65525,65535,4,778,95,59603,62914,540
352,878,16666,65513,9,65525,65535,4,778,94,59596,62919,541
306,908,16552,65513,10,65524,65535,4,778,90,59582,62911,542
246,916,16390,65511,8,65524,65535,4,778,94,59604,62907,543
250,842,16630,65510,9,65526,65535,4,778,103,59595,62930,544
350,904,16570,65512,8,65526,65535,4,778,110,59590,62943,545
272,924,16570,65512,9,65525,65535,4,778,103,59584,62914,546
282,930,16498,65511,9,65526,65535,4,778,108,59597,62921,547
288,892,16598,65512,9,65524,65535,4,778,109,59595,62923,548
342,954,16530,65510,9,65524,65535,4,778,105,59577,62925,549
332,942,16406,65513,9,65526,65535,4,778,104,59586,62920,550
336,908,16564,65512,10,65525,65535,4,778,94,59581,62915,551
350,874,16542,65511,10,65525,65535,4,778,99,59577,62946,552
340,896,16516,65510,7,65525,65535,4,778,110,59569,62936,553
306,862,16510,65510,9,65525,65535,4,778,100,59574,62942,554
312,906,16590,65511,8,65525,65535,4,778,87,59592,62959,555
316,904,16484,65512,10,65525,65535,4,778,98,59583,62951,556
268,886,16570,65510,7,65525,65535,4,778,99,59577,62938,557
334,876,16522,65512,10,65524,65535,4,778,87,59577,62950,558
296,904,16592,65512,11,65525,65535,4,778,105,59575,62934,559
308,898,16466,65512,8,65526,65535,4,778,93,59588,62938,560
286,892,16550,65512,8,65524,65535,4,778,92,59590,62948,561
324,860,16608,65511,8,65524,65535,4,778,113,59573,62943,562
320,908,16550,65513,9,65525,65535,4,778,104,59573,62934,563
328,852,16578,65511,9,65524,65535,4,778,107,59584,62932,564
308,936,16626,65511,9,65525,65535,4,778,91,59575,62941,565
298,882,16552,65509,9,65524,65535,4,778,83,59576,62956,566
272,888,16530,65510,8,65524,65535,4,778,109,59578,62942,567
312,888,16416,65510,9,65525,65535,4,778,119,59574,62944,568
324,888,16492,65509,9,65525,65535,4,778,110,59582,62949,569
292,938,16656,65511,8,65524,65535,4,778,95,59576,62962,570
310,892,16476,65512,11,65524,65535,4,778,104,59562,62952,571
266,916,16434,65512,8,65524,65535,4,778,113,59564,62954,572
274,938,16582,65510,8,65524,65535,4,778,103,59565,62954,573
234,868,16564,65511,10,65524,65535,4,778,98,59561,62950,574
274,942,16488,65512,10,65525,65535,4,778,98,59556,62964,575
236,928,16450,65511,7,65525,65535,4,778,87,59561,62956,576
300,898,16530,65509,9,65525,65535,4,778,83,59563,62963,577
342,924,16570,65513,9,65524,65535,4,778,89,59557,62949,578
348,946,16528,65512,8,65525,65535,4,778,99,59548,62939,579
300,874,16480,65513,10,65525,65535,4,778,112,59570,62938,580
302,920,16544,65510,9,65524,65535,4,778,114,59577,62926,581
268,864,16590,65511,9,65525,65535,4,778,105,59572,62943,582
296,942,16512,65511,8,65526,65535,4,778,108,59561,62942,583
316,872,16416,65511,10,65526,65535,4,778,91,59568,62931,584
378,866,16488,65511,9,65525,65535,4,778,80,59570,62934,585
338,932,16524,65512,10,65525,65535,4,778,102,59558,62934,586
254,958,16612,65513,10,65524,65535,4,778,88,59570,62936,587
298,926,16486,65511,8,65526,65535,4,778,94,59571,62943,588
294,920,16512,65510,9,65525,65535,4,778,96,59564,62923,589
250,948,16582,65511,9,65524,65535,4,778,90,59565,62943,590
322,918,16508,65511,10,65524,65535,4,778,102,59549,62937,591
282,844,16432,65511,9,65526,65535,4,778,105,59552,62921,592
286,814,16514,65510,10,65524,65535,4,778,104,59579,62922,593
312,892,16640,65511,10,65525,65535,4,778,112,59571,62937,594
318,980,16634,65512,9,65526,65535,4,778,109,59570,62948,595
310,898,16482,65510,10,65524,65535,4,778,93,59586,62939,596
264,880,16622,65510,10,65525,65535,4,778,89,59586,62940,597
332,874,16668,65511,9,65525,65535,4,778,97,59576,62929,598
278,908,16548,65512,10,65526,65535,4,778,96,59565,62919,599
348,898,16524,65510,9,65525,65535,4,778,97,59581,62938,600
286,912,16530,65512,8,65525,65535,4,778,88,59574,62939,601
340,914,16512,65510,10,65525,65535,4,778,87,59582,62946,602
324,950,16588,65511,9,65526,65535,4,778,94,59584,62923,603
308,896,16508,65510,9,65524,65535,4,778,108,59579,62912,604
302,868,16588,65510,9,65526,65535,4,778,103,59578,62923,605
296,958,16524,65512,9,65525,65535,4,778,122,59584,62936,606
270,878,16536,65511,9,65524,65535,4,778,122,59577,62928,607
320,938,16430,65511,9,65523,65535,4,778,115,59588,62936,608
320,860,16556,65511,9,65524,65535,4,778,112,59590,62929,609
296,944,16640,65512,8,65525,65535,4,778,115,59591,62926,610
306,930,16532,65510,9,65525,65535,4,778,116,59587,62923,611
352,936,16496,65509,10,65525,65535,4,778,108,59593,62916,612
280,872,16522,65512,10,65525,65535,4,778,97,59573,62929,613
322,880,16582,65511,11,65525,65535,4,778,102,59570,62936,614
296,898,16576,65512,11,65526,65535,4,778,89,59577,62916,615
322,928,16478,65510,9,65526,65535,4,778,84,59579,62922,616
356,906,16554,65510,9,65523,65535,4,778,94,59598,62930,617
310,908,16562,65511,9,65524,65535,4,778,101,59600,62933,618
332,918,16464,65511,8,65525,65535,4,778,96,59589,62951,619
280,888,16572,65510,9,65524,65535,4,778,95,59589,62950,620
344,926,16482,65512,9,65525,65535,4,778,97,59571,62942,621
344,902,16484,65512,8,65525,65535,4,778,97,59563,62947,622
298,938,16558,65511,8,65525,65535,4,778,93,59565,62947,623
252,888,16560,65511,8,65524,65535,4,778,91,59579,62942,624
322,910,16576,65511,8,65525,65535,4,778,88,59573,62934,625
330,844,16524,65510,8,65525,65535,4,778,94,59574,62940,626
320,890,16532,65511,10,65525,65535,4,778,98,59546,62932,627
314,884,16642,65510,8,65525,65535,4,778,104,59552,62948,628
298,902,16560,65512,11,65526,65535,4,778,83,59561,62944,629
304,934,16576,65510,10,65525,65535,4,778,84,59566,62950,630
356,876,16504,65512,9,65525,65535,4,778,109,59560,62959,631
288,900,16552,65511,10,65525,65535,4,778,128,59560,62952,632
316,868,16526,65509,9,65525,65535,4,778,122,59575,62954,633
248,892,16488,65512,11,65525,65535,4,778,114,59557,62952,634
352,954,16654,65512,8,65525,65535,4,778,122,59554,62962,635
284,942,16538,65511,9,65525,65535,4,778,110,59568,62959,636
308,898,16528,65511,9,65524,65535,4,778,92,59564,62975,637
302,930,16456,65511,8,65524,65535,4,778,96,59558,62994,638
272,896,16630,65511,7,65526,65535,4,778,105,59565,62995,639
338,912,16486,65511,10,65525,65535,4,778,102,59543,62959,640
296,858,16410,65510,8,65525,65535,4,778,82,59558,62975,641
312,924,16526,65510,10,65526,65535,4,778,81,59561,62982,642
278,904,16666,65512,10,65525,65535,4,778,85,59552,62985,643
318,904,16546,65512,9,65525,65535,4,778,86,59544,62978,644
300,840,16506,65511,9,65525,65535,4,778,102,59545,62973,645
266,924,16572,65511,9,65525,65535,4,778,94,59550,62972,646
306,934,16502,65509,9,65525,65535,4,778,92,59559,62974,647
298,906,16530,65511,10,65525,65535,4,778,94,59552,62982,648
252,882,16550,65510,9,65525,65535,4,778,101,59560,62976,649
276,886,16634,65512,9,65524,65535,4,778,102,59582,62945,650
292,890,16518,65512,10,65525,65535,4,778,121,59561,62957,651
290,880,16570,65511,9,65526,65535,4,778,105,59551,62972,652
274,898,16540,65510,9,65525,65535,4,778,110,59555,62973,653
302,872,16544,65512,9,65525,65535,4,778,107,59562,62976,654
274,882,16582,65511,9,65524,65535,4,778,96,59569,62966,655
266,884,16524,65513,8,65526,65535,4,778,117,59564,62947,656
276,914,16528,65512,9,65525,65535,4,778,103,59555,62958,657
306,904,16534,65512,9,65525,65535,4,778,96,59553,62935,658
324,914,16558,65511,9,65525,65535,4,778,100,59569,62949,659
350,882,16556,65511,9,65524,65535,4,778,103,59579,62945,660
322,952,16610,65511,9,65525,65535,4,778,116,59572,62935,661
326,866,16596,65510,8,65525,65535,4,778,110,59582,62944,662
310,872,16554,65513,9,65525,65535,4,778,107,59564,62934,663
348,922,16550,65512,8,65524,65535,4,778,91,59580,62924,664
298,852,16550,65511,10,65524,65535,4,778,89,59577,62911,665
326,918,16594,65511,10,65524,65535,4,778,96,59585,62922,666
306,914,16556,65513,8,65524,65535,4,778,89,59583,62921,667
302,906,16496,65512,8,65526,65535,4,778,87,59581,62916,668
302,900,16518,65511,11,65526,65535,4,778,90,59576,62908,669
338,874,16518,65511,9,65526,65535,4,778,103,59571,62912,670
318,936,16454,65511,10,65525,65535,4,778,98,59573,62920,671
306,856,16484,65510,9,65524,65535,4,778,96,59577,62928,672
282,860,16578,65512,10,65525,65535,4,778,100,59578,62910,673
310,926,16504,65512,8,65524,65535,4,778,96,59592,62893,674
264,882,16480,65511,9,65525,65535,4,778,99,59590,62915,675
330,878,16448,65512,10,65525,65535,4,778,87,59567,62930,676
252,878,16584,65513,9,65525,65535,4,778,103,59586,62905,677
352,940,16472,65512,9,65525,65535,4,778,115,59604,62918,678
346,902,16568,65513,9,65524,65535,4,778,105,59605,62926,679
256,900,16588,65512,9,65524,65535,4,778,99,59600,62924,680
366,858,16506,65512,9,65525,65535,4,778,100,59591,62902,681
348,946,16442,65510,8,65526,65535,4,778,94,59595,62899,682
322,916,16580,65511,9,65525,65535,4,778,96,59606,62923,683
276,882,16650,65511,9,65526,65535,4,778,94,59604,62915,684
274,908,16500,65511,9,65524,65535,4,778,97,59588,62910,685
254,882,16530,65512,8,65523,65535,4,778,99,59590,62910,686
280,888,16546,65511,9,65526,65535,4,778,112,59601,62915,687
328,910,16658,65511,8,65526,65535,4,778,107,59597,62908,688
326,896,16532,65511,10,65524,65535,4,778,107,59606,62898,689
278,918,16526,65511,9,65524,65535,4,778,102,59591,62884,690
326,920,16470,65511,9,65525,65535,4,778,95,59589,62891,691
314,872,16512,65512,7,65524,65535,4,778,102,59611,62912,692
294,832,16606,65511,9,65525,65535,4,778,96,59604,62886,693
284,896,16574,65511,9,65525,65535,4,778,95,59598,62883,694
310,880,16564,65512,11,65525,65535,4,778,94,59625,62899,695
344,880,16510,65511,10,65525,65535,4,778,105,59606,62904,696
290,898,16634,65510,9,65525,65535,4,778,103,59590,62903,697
348,942,16508,65512,10,65525,65535,4,778,90,59599,62891,698
302,932,16558,65511,9,65525,65535,4,778,104,59603,62894,699
260,920,16534,65511,8,65525,65535,4,778,107,59599,62900,700
302,932,16578,65512,10,65524,65535,4,778,97,59611,62913,701
302,856,16462,65510,9,65525,65535,4,778,111,59587,62918,702
236,946,16506,65509,10,65525,65535,4,778,112,59590,62902,703
332,898,16514,65510,10,65525,65535,4,778,120,59605,62900,704
342,930,16532,65510,8,65526,65535,4,778,107,59600,62898,705
316,914,16538,65510,8,65525,65535,4,778,96,59598,62902,706
254,914,16562,65512,9,65523,65535,4,778,103,59607,62907,707
304,896,16534,65513,10,65525,65535,4,778,89,59602,62902,708
326,920,16574,65511,10,65524,65535,4,778,97,59602,62911,709
286,904,16526,65511,10,65525,65535,4,778,99,59620,62927,710
274,872,16554,65512,9,65525,65535,4,778,93,59610,62918,711
316,912,16562,65512,9,65525,65535,4,778,111,59599,62923,712
326,908,16506,65510,8,65525,65535,4,778,110,59610,62918,713
310,842,16512,65511,7,65524,65535,4,778,93,59606,62909,714
270,908,16614,65511,9,65524,65535,4,778,82,59602,62902,715
288,902,16482,65513,9,65526,65535,4,778,73,59605,62909,716
314,916,16490,65511,10,65526,65535,4,778,81,59601,62913,717
322,876,16548,65510,10,65524,65535,4,778,91,59608,62923,718
240,916,16552,65510,11,65525,65535,4,778,98,59611,62918,719
246,914,16564,65511,8,65526,65535,4,778,98,59607,62903,720
290,908,16542,65511,7,65525,65535,4,778,85,59610,62902,721
340,866,16526,65510,8,65524,65535,4,778,84,59610,62906,722
320,906,16604,65511,8,65524,65535,4,778,98,59607,62925,723
284,872,16542,65511,9,65526,65535,4,778,101,59626,62939,724
318,906,16522,65512,9,65525,65535,4,778,86,59609,62919,725
306,888,16532,65511,11,65525,65535,4,778,75,59606,62911,726
262,898,16592,65510,9,65526,65535,4,778,93,59605,62922,727
264,920,16570,65510,9,65525,65535,4,778,106,59597,62925,728
320,902,16450,65512,8,65525,65535,4,778,95,59603,62915,729
280,924,16498,65512,10,65525,65535,4,778,98,59605,62914,730
316,920,16564,65511,8,65524,65535,4,778,100,59611,62921,731
300,938,16498,65511,10,65525,65535,4,778,94,59593,62928,732
368,908,16518,65512,9,65525,65535,4,778,98,59593,62926,733
296,930,16570,65512,9,65525,65535,4,778,97,59596,62938,734
284,882,16520,65512,10,65523,65535,4,778,99,59595,62928,735
322,916,16522,65512,9,65525,65535,4,778,98,59600,62918,736
284,920,16572,65512,9,65524,65535,4,778,89,59606,62912,737
310,876,16596,65511,9,65524,65535,4,778,93,59600,62899,738
308,884,16594,65510,8,65525,65535,4,778,92,59596,62918,739
318,860,16526,65511,10,65526,65535,4,778,111,59582,62919,740
302,972,16478,65512,8,65526,65535,4,778,104,59590,62920,741
294,910,16546,65509,9,65525,65535,4,778,90,59599,62912,742
260,880,16588,65512,9,65526,65535,4,778,95,59596,62923,743
248,912,16550,65512,10,65524,65535,4,778,85,59598,62915,744
280,866,16594,65511,9,65525,65535,4,778,87,59602,62923,745
308,908,16646,65512,7,65525,65535,4,778,107,59600,62922,746
256,872,16562,65512,7,65525,65535,4,778,90,59579,62936,747
330,822,16576,65512,9,65526,65535,4,778,85,59588,62931,748
314,852,16656,65512,9,65525,65535,4,778,85,59582,62939,749
302,886,16626,65512,10,65526,65535,4,778,78,59588,62957,750
312,872,16650,65511,9,65524,65535,4,778,97,59588,62950,751
330,934,16590,65509,9,65525,65535,4,778,105,59581,62939,752
304,914,16566,65511,9,65525,65535,4,778,100,59577,62948,753
244,934,16548,65511,8,65525,65535,4,778,94,59578,62954,754
286,956,16462,65511,10,65525,65535,4,778,104,59590,62948,755
298,938,16506,65511,8,65526,65535,4,778,96,59571,62947,756
284,906,16536,65512,10,65527,65535,4,778,88,59576,62932,757
284,880,16434,65512,10,65525,65535,4,778,95,59582,62921,758
380,892,16452,65512,8,65524,65535,4,778,98,59598,62940,759
288,864,16562,65512,10,65525,65535,4,778,97,59605,62933,760
326,928,16624,65511,9,65524,65535,4,778,103,59583,62927,761
340,902,16508,65512,10,65524,65535,4,778,97,59593,62934,762
334,962,16492,65510,9,65525,65535,4,778,96,59590,62933,763
340,862,16462,65510,9,65525,65535,4,778,93,59583,62925,764
266,916,16586,65511,8,65525,65535,4,778,105,59596,62919,765
286,918,16508,65511,9,65524,65535,4,778,102,59583,62923,766
308,892,16496,65510,9,65525,65535,4,778,108,59591,62931,767
334,900,16648,65511,8,65524,65535,4,778,116,59595,62938,768
314,932,16460,65511,8,65525,65535,4,778,105,59581,62933,769
368,918,16492,65511,8,65526,65535,4,778,110,59593,62902,770
310,908,16606,65512,10,65525,65535,4,778,122,59604,62905,771
266,924,16480,65510,10,65524,65535,4,778,106,59607,62910,772
348,932,16496,65510,10,65524,65535,4,778,110,59588,62927,773
272,906,16528,65511,10,65524,65535,4,778,115,59588,62911,774
286,922,16566,65512,8,65524,65535,4,778,94,59586,62932,775
308,874,16606,65511,8,65524,65535,4,778,99,59590,62924,776
360,870,16502,65511,10,65524,65535,4,778,110,59600,62901,777
304,864,16516,65512,9,65525,65535,4,778,107,59607,62917,778
300,908,16442,65511,9,65525,65535,4,778,102,59609,62899,779
284,898,16538,65511,9,65525,65535,4,778,101,59618,62900,780
264,878,16498,65509,11,65525,65535,4,778,99,59610,62883,781
294,916,16534,65510,10,65525,65535,4,778,109,59612,62900,782
256,944,16484,65511,10,65526,65535,4,778,112,59606,62918,783
304,906,16634,65511,9,65524,65535,4,778,110,59604,62899,784
290,896,16552,65512,10,65525,65535,4,778,105,59590,62906,785
296,870,16522,65511,10,65525,65535,4,778,95,59586,62907,786
304,856,16518,65511,8,65526,65535,4,778,101,59606,62877,787
252,890,16502,65513,8,65525,65535,4,778,102,59608,62891,788
308,900,16534,65511,9,65524,65535,4,778,97,59609,62912,789
356,904,16564,65511,10,65525,65535,4,778,99,59617,62898,790
318,920,16530,65513,9,65526,65535,4,778,109,59613,62916,791
322,888,16600,65511,8,65525,65535,4,778,100,59605,62923,792
326,896,16532,65511,10,65525,65535,4,778,96,59594,62908,793
320,894,16548,65510,9,65525,65535,4,778,96,59599,62920,794
258,928,16510,65511,10,65524,65535,4,778,95,59610,62932,795
334,908,16512,65512,8,65525,65535,4,778,116,59613,62917,796
304,864,16544,65512,10,65525,65535,4,778,123,59623,62902,797
290,858,16590,65512,9,65526,65535,4,778,107,59622,62907,798
292,890,16516,65511,10,65526,65535,4,778,94,59617,62908,799
302,868,16570,65511,9,65526,65535,4,778,97,59618,62915,800
370,866,16488,65512,10,65525,65535,4,778,117,59611,62919,801
302,894,16568,65511,10,65526,65535,4,778,112,59619,62888,802
286,884,16600,65511,10,65524,65535,4,778,108,59602,62901,803
312,862,16578,65511,9,65525,65535,4,778,92,59593,62912,804
270,916,16622,65511,9,65525,65535,4,778,98,59605,62898,805
306,882,16548,65511,9,65526,65535,4,778,89,59610,62903,806
318,892,16556,65512,10,65524,65535,4,778,85,59607,62898,807
332,924,16534,65512,8,65525,65535,4,779,79,59614,62905,808
352,878,16524,65511,9,65525,65535,4,779,88,59604,62906,809
300,900,16572,65512,10,65525,65535,4,779,111,59622,62913,810
306,932,16486,65511,10,65524,65535,4,779,111,59619,62924,811
284,956,16458,65511,10,65526,65535,4,779,96,59611,62923,812
352,920,16460,65511,9,65526,65535,4,779,104,59614,62899,813
300,964,16462,65510,9,65525,65535,4,779,98,59613,62900,814
308,870,16594,65511,7,65525,65535,4,779,100,59607,62909,815
382,956,16590,65512,8,65525,65535,4,779,108,59607,62918,816
324,966,16536,65511,9,65526,65535,4,779,119,59624,62914,817
300,892,16632,65511,9,65525,65535,4,779,98,59602,62918,818
298,878,16672,65513,9,65524,65535,4,779,95,59581,62916,819
320,848,16488,65511,9,65526,65535,4,779,104,59597,62917,820
290,912,16534,65512,10,65524,65535,4,779,114,59615,62918,821
266,886,16534,65512,9,65525,65535,4,779,117,59618,62914,822
342,892,16538,65511,10,65524,65535,4,779,118,59614,62898,823
286,886,16554,65511,9,65524,65535,4,779,95,59613,62887,824
222,888,16674,65512,7,65525,65535,4,779,79,59610,62906,825
302,912,16554,65510,8,65524,65535,4,779,91,59606,62911,826
274,890,16540,65510,8,65525,65535,4,779,108,59606,62902,827
306,868,16614,65511,8,65525,65535,4,779,111,59605,62898,828
260,850,16596,65512,10,65524,65535,4,779,102,59595,62896,829
288,902,16446,65512,10,65526,65535,4,779,100,59610,62915,830
344,930,16570,65512,9,65524,65535,4,779,99,59605,62918,831
278,920,16544,65510,9,65525,65535,4,779,88,59598,62912,832
292,870,16568,65511,8,65524,65535,4,779,98,59606,62909,833
256,864,16556,65513,8,65525,65535,4,779,99,59620,62919,834
296,896,16488,65510,10,65525,65535,4,779,93,59615,62914,835
294,898,16486,65512,9,65525,65535,4,779,105,59618,62916,836
314,860,16546,65511,8,65525,65535,4,779,99,59598,62907,837
346,946,16442,65511,10,65524,65535,4,779,93,59594,62891,838
272,892,16572,65511,9,65523,65535,4,779,97,59602,62891,839
300,862,16496,65511,8,65526,65535,4,779,97,59608,62880,840
248,926,16626,65510,9,65525,65535,4,779,104,59609,62892,841
306,944,16530,65510,9,65525,65535,4,779,119,59609,62907,842
264,888,16392,65512,8,65526,65535,4,779,106,59609,62919,843
286,906,16528,65511,10,65525,65535,4,779,97,59614,62915,844
302,892,16590,65511,9,65524,65535,4,779,92,59611,62910,845
274,950,16592,65511,8,65525,65535,4,779,95,59599,62906,846
342,894,16616,65511,9,65524,65535,4,779,106,59593,62912,847
338,938,16614,65511,9,65525,65535,4,779,96,59605,62915,848
236,886,16594,65510,10,65525,65535,4,779,109,59622,62922,849
348,918,16558,65512,8,65525,65535,4,779,116,59614,62925,850
314,894,16484,65510,9,65525,65535,4,779,103,59607,62916,851
314,894,16542,65511,8,65525,65535,4,779,87,59599,62924,852
278,904,16590,65511,10,65526,65535,4,779,95,59601,62924,853
310,896,16520,65510,10,65526,65535,4,779,87,59606,62915,854
228,912,16454,65511,10,65524,65535,4,779,71,59606,62916,855
366,934,16592,65511,10,65526,65535,4,779,84,59599,62925,856
290,938,16590,65511,9,65526,65535,4,779,85,59604,62931,857
340,922,16592,65511,10,65526,65535,4,779,89,59610,62929,858
324,944,16532,65510,8,65525,65535,4,779,89,59608,62934,859
312,892,16564,65510,9,65524,65535,4,779,81,59600,62929,860
322,886,16496,65513,9,65525,65535,4,779,97,59598,62914,861
332,904,16408,65511,11,65524,65535,4,779,93,59586,62897,862
328,936,16678,65511,9,65525,65535,4,779,85,59594,62915,863
282,878,16572,65511,10,65524,65535,4,779,91,59605,62906,864
308,874,16588,65511,9,65525,65535,4,779,87,59610,62916,865
316,954,16416,65511,9,65525,65535,4,779,94,59613,62920,866
266,852,16588,65510,10,65526,65535,4,779,87,59622,62922,867
274,870,16522,65512,10,65525,65535,4,779,103,59621,62923,868
332,928,16586,65510,10,65527,65535,4,779,90,59621,62911,869
262,908,16454,65511,9,65525,65535,4,779,98,59612,62908,870
290,910,16578,65511,9,65524,65535,4,779,88,59607,62907,871
292,994,16478,65513,9,65525,65535,4,779,99,59612,62917,872
256,922,16608,65511,8,65525,65535,4,779,90,59605,62911,873
308,960,16504,65512,9,65525,65535,4,779,95,59617,62919,874
308,908,16504,65512,10,65524,65535,4,779,105,59604,62918,875
242,868,16654,65513,9,65525,65535,4,779,97,59614,62914,876
364,954,16602,65511,9,65527,65535,4,779,88,59610,62917,877
342,932,16500,65510,10,65524,65535,4,779,103,59591,62916,878
318,922,16596,65512,10,65524,65535,4,779,111,59607,62930,879
358,920,16608,65513,10,65525,65535,4,779,110,59613,62921,880
320,924,16530,65510,9,65525,65535,4,779,104,59601,62897,881
280,890,16536,65510,10,65525,65535,4,779,85,59607,62896,882
296,852,16634,65512,10,65524,65535,4,779,97,59596,62904,883
352,882,16550,65511,10,65525,65535,4,779,90,59597,62909,884
316,884,16412,65512,10,65525,65535,4,779,81,59593,62898,885
344,870,16596,65512,10,65525,65535,4,779,86,59594,62910,886
286,932,16500,65512,9,65524,65535,4,779,79,59596,62920,887
374,908,16506,65510,9,65525,65535,4,779,92,59592,62918,888
260,888,16534,65510,9,65524,65535,4,779,95,59600,62911,889
320,948,16670,65512,10,65525,65535,4,779,94,59623,62914,890
316,884,16554,65510,9,65525,65535,4,779,96,59631,62928,891
300,914,16468,65511,9,65525,65535,4,779,92,59613,62938,892
352,902,16590,65511,9,65525,65535,4,779,102,59599,62923,893
310,900,16556,65512,8,65525,65535,4,779,105,59612,62930,894
300,944,16566,65513,9,65525,65535,4,779,91,59596,62931,895
258,900,16516,65511,10,65525,65535,4,779,104,59586,62933,896
364,924,16514,65513,9,65525,65535,4,779,113,59601,62936,897
298,942,16560,65511,9,65526,65535,4,779,107,59603,62928,898
298,880,16584,65511,9,65524,65535,4,779,105,59595,62919,899
318,900,16558,65512,9,65526,65535,4,779,89,59599,62918,900
274,954,16540,65512,9,65526,65535,4,779,101,59595,62942,901
284,872,16498,65510,10,65524,65535,4,779,117,59595,62960,902
330,924,16550,65512,9,65525,65535,4,779,99,59583,62946,903
316,896,16562,65511,9,65526,65535,4,779,90,59576,62930,904
262,926,16482,65510,9,65525,65535,4,779,81,59598,62926,905
304,876,16482,65510,9,65525,65535,4,779,102,59594,62946,906
316,904,16476,65511,10,65524,65535,4,779,114,59606,62954,907
284,952,16560,65511,9,65526,65535,4,779,110,59592,62943,908
312,884,16546,65512,9,65527,65535,4,779,102,59591,62948,909
294,926,16466,65511,10,65525,65535,4,779,95,59597,62954,910
276,914,16566,65511,9,65525,65535,4,779,87,59584,62959,911
380,928,16462,65512,9,65526,65535,4,779,90,59579,62946,912
270,900,16660,65511,11,65525,65535,4,779,83,59597,62946,913
362,960,16532,65512,9,65525,65535,4,779,89,59591,62959,914
320,900,16506,65512,10,65525,65535,4,779,99,59579,62947,915
362,934,16560,65510,9,65525,65535,4,779,110,59579,62930,916
346,928,16590,65511,10,65525,65535,4,779,104,59589,62939,917
272,872,16510,65512,8,65524,65535,4,779,97,59587,62941,918
346,868,16602,65511,9,65526,65535,4,779,85,59598,62946,919
350,914,16586,65512,10,65526,65535,4,779,83,59600,62941,920
318,878,16554,65512,9,65524,65535,4,779,86,59600,62951,921
348,842,16460,65512,9,65526,65535,4,779,93,59596,62939,922
282,884,16586,65511,9,65524,65535,4,779,89,59595,62916,923
284,852,16498,65512,9,65524,65535,4,779,94,59591,62913,924
270,892,16464,65511,8,65525,65535,4,779,102,59591,62944,925
336,842,16494,65511,9,65524,65535,4,779,103,59583,62947,926
316,868,16688,65514,8,65525,65535,4,779,105,59590,62934,927
336,924,16618,65511,9,65524,65535,4,779,112,59598,62949,928
282,894,16474,65511,8,65525,65535,4,779,128,59606,62961,929
284,908,16684,65510,9,65524,65535,4,779,122,59601,62947,930
330,912,16522,65512,10,65525,65535,4,779,101,59602,62945,931
302,878,16616,65511,9,65525,65535,4,779,95,59596,62940,932
294,882,16472,65511,8,65525,65535,4,779,103,59598,62939,933
306,910,16600,65512,10,65525,65535,4,779,96,59575,62936,934
304,936,16544,65510,9,65525,65535,4,779,92,59584,62935,935
240,968,16478,65511,8,65525,65535,4,779,107,59596,62943,936
320,834,16574,65511,8,65526,65535,4,779,119,59594,62957,937
274,926,16650,65512,10,65525,65535,4,779,120,59596,62959,938
348,876,16516,65510,9,65525,65535,4,779,111,59596,62948,939
274,908,16566,65509,9,65523,65535,4,779,112,59592,62938,940
312,910,16636,65512,10,65525,65535,4,779,96,59589,62952,941
288,906,16522,65511,9,65526,65535,4,779,75,59590,62951,942
318,960,16532,65510,8,65526,65535,4,779,86,59596,62963,943
318,876,16510,65511,11,65524,65535,4,779,91,59579,62950,944
302,876,16508,65511,9,65523,65535,4,779,89,59573,62946,945
330,882,16612,65511,8,65523,65535,4,779,104,59579,62947,946
286,870,16524,65510,11,65525,65535,4,779,103,59596,62951,947
240,908,16572,65510,8,65523,65535,4,779,93,59587,62949,948
364,832,16460,65512,8,65525,65535,4,779,114,59571,62949,949
296,906,16440,65510,9,65526,65535,4,779,115,59569,62947,950
298,884,16598,65511,9,65525,65535,4,779,108,59591,62947,951
380,914,16532,65511,10,65526,65535,4,779,92,59589,62947,952
272,906,16518,65511,9,65524,65535,4,779,96,59569,62957,953
308,906,16570,65511,10,65524,65535,4,779,123,59579,62948,954
326,882,16598,65510,9,65526,65535,4,779,115,59586,62954,955
278,874,16556,65510,8,65524,65535,4,779,102,59592,62961,956
292,856,16530,65510,9,65526,65535,4,779,97,59598,62956,957
310,892,16638,65509,8,65525,65535,4,779,90,59600,62961,958
276,958,16636,65511,9,65526,65535,4,779,105,59595,62983,959
266,932,16350,65509,10,65526,65535,4,779,110,59566,62968,960
296,878,16536,65510,9,65526,65535,4,779,100,59586,62957,961
388,922,16648,65511,9,65524,65535,4,779,81,59574,62977,962
244,930,16490,65511,9,65525,65535,4,779,93,59577,62974,963
366,826,16520,65510,10,65525,65535,4,779,128,59576,62974,964
266,876,16502,65512,7,65524,65535,4,779,110,59575,62978,965
316,884,16684,65512,10,65524,65535,4,779,89,59577,62966,966
296,916,16486,65512,9,65524,65535,4,779,94,59591,62967,967
288,900,16422,65510,9,65525,65535,4,779,89,59579,62984,968
316,896,16564,65512,8,65526,65535,4,779,90,59572,62998,969
334,1004,16636,65512,8,65524,65535,4,779,95,59558,62992,970
340,902,16516,65512,8,65526,65535,4,779,82,59546,62990,971
296,896,16418,65510,9,65524,65535,4,779,100,59565,62983,972
296,862,16588,65513,10,65524,65535,4,779,97,59568,62968,973
302,962,16618,65511,8,65524,65535,4,779,92,59580,62961,974
318,912,16480,65511,9,65527,65535,4,779,115,59576,62982,975
322,894,16512,65510,9,65525,65535,4,779,103,59564,62988,976
288,874,16562,65512,8,65525,65535,4,779,98,59556,62983,977
338,916,16468,65512,8,65526,65535,4,779,102,59562,62995,978
274,914,16468,65512,8,65526,65535,4,779,95,59571,63001,979
320,874,16546,65511,9,65524,65535,4,779,107,59557,62998,980
294,928,16504,65512,9,65525,65535,4,779,106,59564,62991,981
288,946,16476,65511,9,65524,65535,4,779,98,59561,62989,982
280,924,16578,65510,9,65525,65535,4,779,122,59552,62998,983
252,894,16486,65513,9,65525,65535,4,779,119,59562,62997,984
340,886,16530,65511,10,65526,65535,4,779,91,59559,63008,985
278,998,16472,65512,10,65525,65535,4,779,92,59568,63005,986
314,916,16522,65510,9,65524,65535,4,779,106,59562,62997,987
266,906,16420,65512,9,65524,65535,4,779,128,59556,63008,988
360,974,16452,65512,10,65525,65535,4,779,103,59552,63002,989
296,886,16590,65509,9,65524,65535,4,779,93,59560,63014,990
306,954,16528,65512,8,65524,65535,4,779,100,59560,63015,991
296,858,16530,65513,9,65525,65535,4,779,96,59554,62998,992
290,880,16606,65513,9,65523,65535,4,779,101,59566,63012,993
296,910,16548,65510,9,65526,65535,4,779,119,59555,63014,994
318,880,16578,65510,11,65526,65535,4,779,120,59554,63026,995
314,920,16540,65511,9,65524,65535,4,779,102,59549,63027,996
238,956,16496,65510,9,65525,65535,4,779,112,59532,63038,997
358,916,16502,65511,8,65525,65535,4,779,102,59551,63030,998
312,912,16528,65511,10,65525,65535,4,779,104,59541,63036,999
338,936,16464,65512,9,65526,65535,4,779,100,59530,63028,1000
