352,968,16572,65510,9,65525,0,2,705,87,59544,62926,1
392,948,16610,65511,9,65525,0,2,705,93,59547,62934,2
338,976,16442,65511,10,65525,0,2,705,87,59555,62929,3
336,998,16540,65509,10,65525,0,2,705,89,59559,62926,4
408,958,16514,65511,8,65524,0,2,705,87,59561,62925,5
348,934,16480,65511,9,65526,0,2,705,91,59557,62924,6
388,900,16564,65512,9,65525,0,2,705,90,59560,62921,7
384,912,16608,65512,9,65525,0,2,705,89,59559,62922,8
378,894,16572,65511,8,65525,0,2,705,100,59561,62921,9
312,888,16604,65512,9,65526,0,2,705,96,59556,62919,10
304,892,16522,65512,8,65526,0,2,705,92,59552,62921,11
390,920,16458,65511,9,65525,0,2,705,86,59548,62928,12
360,934,16512,65512,8,65526,0,2,705,88,59552,62943,13
292,926,16568,65511,10,65525,0,2,705,83,59553,62947,14
380,920,16582,65512,9,65526,0,2,705,88,59553,62949,15
300,984,16460,65511,10,65524,0,2,705,93,59553,62950,16
352,902,16592,65510,9,65525,0,2,705,102,59555,62942,17
380,926,16472,65512,9,65526,0,2,705,100,59564,62940,18
416,918,16620,65511,9,65526,0,2,705,97,59558,62942,19
354,902,16512,65512,9,65524,0,2,705,102,59558,62946,20
370,932,16540,65511,9,65526,0,2,705,99,59557,62942,21
382,922,16572,65511,9,65525,0,2,705,98,59560,62948,22
376,894,16588,65512,8,65526,0,2,705,97,59560,62950,23
298,916,16410,65510,8,65525,0,2,705,103,59562,62953,24
360,938,16492,65511,9,65526,0,2,705,92,59568,62959,25
340,904,16532,65512,9,65524,0,2,705,93,59582,62963,26
366,952,16598,65512,10,65526,0,2,705,84,59573,62970,27
398,924,16542,65512,9,65526,0,2,705,87,59560,62967,28
354,932,16524,65510,9,65526,0,2,705,82,59560,62968,29
342,874,16572,65512,10,65525,0,2,705,87,59549,62962,30
380,932,16614,65512,10,65525,0,2,705,86,59536,62960,31
350,948,16592,65511,10,65525,0,2,705,96,59538,62951,32
314,908,16404,65514,8,65525,0,2,705,98,59554,62947,33
348,910,16486,65512,9,65525,0,2,705,99,59550,62936,34
374,906,16594,65512,9,65524,0,2,705,92,59559,62931,35
340,988,16498,65512,10,65525,0,2,705,98,59561,62928,36
346,932,16464,65514,10,65526,0,2,705,93,59568,62923,37
378,914,16508,65512,8,65526,0,2,705,93,59561,62926,38
388,914,16598,65511,10,65525,0,2,705,94,59570,62928,39
414,908,16540,65509,8,65525,0,2,705,102,59570,62937,40
318,960,16592,65512,9,65524,0,2,705,96,59566,62932,41
400,934,16530,65512,9,65525,0,2,705,93,59559,62938,42
384,974,16530,65511,10,65526,0,2,705,93,59555,62938,43
348,888,16508,65511,8,65525,0,2,705,92,59548,62940,44
346,1034,16492,65512,9,65525,0,2,705,87,59544,62932,45
276,958,16566,65513,9,65525,0,2,705,83,59558,62945,46
334,914,16574,65513,9,65525,0,2,705,82,59565,62946,47
370,954,16568,65511,9,65525,0,2,705,80,59573,62946,48
296,924,16502,65511,10,65524,0,2,705,85,59581,62954,49
368,884,16532,65512,9,65526,0,2,705,97,59580,62962,50
368,950,16568,65512,9,65524,0,2,705,107,59577,62946,51
312,886,16550,65512,9,65526,0,2,705,116,59577,62942,52
380,940,16536,65511,8,65524,0,2,705,120,59568,62945,53
370,904,16590,65513,8,65526,0,2,705,112,59563,62939,54
402,946,16562,65510,11,65524,0,2,705,106,59564,62943,55
370,924,16488,65512,9,65526,0,2,705,94,59557,62951,56
382,880,16530,65512,10,65525,0,2,705,92,59556,62956,57
406,950,16558,65511,11,65524,0,2,705,83,59557,62956,58
362,912,16502,65511,9,65525,0,2,705,89,59557,62964,59
366,958,16562,65511,9,65525,0,2,705,82,59560,62957,60
362,924,16510,65511,10,65524,0,2,705,85,59561,62961,61
356,920,16594,65511,8,65526,0,2,705,76,59558,62956,62
316,948,16440,65513,9,65525,0,2,705,85,59564,62957,63
312,968,16472,65512,9,65525,0,2,705,81,59564,62952,64
366,916,16558,65511,9,65525,0,2,705,78,59553,62957,65
320,898,16568,65510,9,65523,0,2,705,80,59550,62953,66
338,926,16546,65511,9,65526,0,2,705,84,59548,62958,67
380,922,16648,65513,8,65526,0,2,705,83,59550,62958,68
354,1000,16548,65513,10,65526,0,2,705,89,59549,62955,69
344,896,16514,65512,9,65525,0,2,705,103,59549,62949,70
378,984,16496,65511,9,65525,0,2,705,102,59547,62942,71
392,970,16480,65511,8,65525,0,2,705,106,59546,62937,72
376,892,16462,65511,9,65524,0,2,705,106,59544,62931,73
306,904,16478,65511,10,65525,0,2,705,105,59549,62932,74
334,944,16614,65510,8,65526,0,2,705,97,59555,62923,75
354,896,16532,65512,10,65525,0,2,705,95,59563,62928,76
310,920,16532,65511,9,65525,0,2,705,91,59565,62930,77
322,968,16470,65513,10,65525,0,2,705,86,59560,62933,78
380,1016,16488,65512,9,65526,0,2,705,81,59553,62932,79
386,986,16526,65511,9,65525,0,2,705,80,59559,62934,80
388,944,16590,65511,9,65525,0,2,705,89,59557,62930,81
398,932,16526,65510,11,65524,0,2,705,91,59556,62935,82
356,944,16410,65512,9,65526,0,2,705,91,59558,62933,83
384,908,16586,65511,9,65525,0,2,705,91,59563,62934,84
360,926,16474,65512,8,65525,0,2,705,92,59558,62946,85
386,940,16520,65512,9,65525,0,2,705,90,59554,62950,86
346,932,16464,65511,9,65526,0,2,705,93,59557,62949,87
340,936,16580,65511,10,65525,0,2,705,93,59560,62953,88
344,918,16598,65511,7,65526,0,2,705,97,59557,62959,89
362,894,16510,65512,9,65527,0,2,705,99,59552,62950,90
396,908,16514,65512,10,65524,0,2,705,98,59558,62947,91
324,900,16548,65512,10,65525,0,2,705,105,59548,62944,92
384,948,16508,65512,7,65525,0,2,705,110,59546,62944,93
368,950,16574,65511,8,65525,0,2,705,100,59546,62932,94
344,964,16594,65512,9,65525,0,2,705,102,59550,62938,95
274,900,16588,65512,9,65524,0,2,705,102,59545,62940,96
366,976,16650,65512,8,65526,0,2,705,98,59558,62935,97
342,926,16522,65512,11,65525,0,2,705,94,59558,62938,98
320,924,16540,65513,8,65525,0,2,705,100,59564,62950,99
338,892,16466,65511,8,65524,0,2,705,98,59565,62947,100
400,952,16646,65515,11,65524,0,2,705,97,59568,62952,101
342,950,16488,65510,10,65525,0,2,705,94,59566,62958,102
410,938,16542,65512,10,65525,0,2,705,99,59572,62951,103
392,926,16642,65513,9,65525,0,2,705,100,59571,62945,104
358,972,16494,65512,10,65525,0,2,705,94,59574,62945,105
372,950,16524,65511,10,65526,0,2,705,98,59571,62944,106
354,916,16532,65512,9,65525,0,2,705,93,59569,62940,107
384,950,16592,65512,9,65524,0,2,705,88,59565,62940,108
354,926,16624,65512,10,65526,0,2,705,86,59557,62932,109
372,936,16456,65509,9,65524,0,2,705,83,59549,62931,110
356,868,16572,65511,10,65525,0,2,705,79,59548,62932,111
350,914,16532,65513,9,65524,0,2,705,93,59545,62937,112
366,914,16550,65512,9,65526,0,2,705,96,59539,62940,113
394,940,16588,65513,8,65525,0,2,705,97,59537,62946,114
372,916,16534,65511,10,65526,0,2,705,109,59541,62947,115
398,932,16556,65512,9,65525,0,2,705,120,59545,62953,116
394,1014,16588,65513,9,65525,0,2,705,111,59542,62952,117
360,958,16598,65511,10,65525,0,2,705,115,59543,62957,118
390,948,16536,65513,10,65525,0,2,705,125,59551,62962,119
380,898,16582,65510,10,65524,0,2,705,124,59557,62964,120
360,918,16514,65513,8,65524,0,2,705,116,59562,62959,121
438,946,16580,65511,10,65525,0,2,705,116,59569,62963,122
334,942,16522,65510,8,65525,0,2,705,110,59577,62955,123
288,954,16466,65510,11,65525,0,2,705,98,59577,62950,124
326,970,16526,65512,8,65525,0,2,706,90,59576,62947,125
352,936,16510,65511,8,65526,0,2,706,88,59568,62940,126
344,912,16552,65512,9,65523,0,2,706,83,59576,62937,127
338,944,16524,65511,8,65525,0,2,706,86,59568,62943,128
394,952,16506,65512,10,65525,0,2,706,92,59565,62943,129
312,996,16520,65512,9,65525,0,2,706,100,59555,62945,130
356,926,16496,65510,8,65525,0,2,706,99,59559,62951,131
380,966,16608,65511,8,65524,0,2,706,98,59552,62943,132
386,960,16496,65512,9,65524,0,2,706,94,59556,62941,133
352,900,16494,65511,10,65524,0,2,705,95,59562,62940,134
324,958,16482,65509,9,65526,0,2,705,93,59566,62937,135
298,966,16528,65511,10,65525,0,2,705,95,59563,62933,136
328,902,16480,65510,9,65524,0,2,705,99,59562,62942,137
338,930,16560,65511,10,65526,0,2,706,103,59558,62936,138
336,936,16568,65512,9,65525,0,2,706,99,59556,62940,139
286,974,16602,65511,10,65525,0,2,706,100,59555,62936,140
266,934,16550,65511,8,65526,0,2,706,103,59562,62938,141
378,870,16524,65512,8,65525,0,2,706,99,59561,62941,142
372,938,16574,65513,10,65524,0,2,706,88,59563,62937,143
382,930,16512,65510,9,65526,0,2,706,94,59561,62930,144
350,960,16462,65515,8,65525,0,2,706,99,59552,62935,145
364,950,16600,65511,8,65525,0,2,706,97,59552,62938,146
366,926,16554,65509,8,65525,0,2,706,107,59559,62936,147
408,926,16492,65512,8,65525,0,2,706,118,59556,62940,148
370,936,16624,65511,10,65524,0,2,706,113,59557,62956,149
398,916,16616,65511,9,65526,0,2,706,112,59570,62953,150
412,946,16446,65513,10,65526,0,2,706,111,59570,62945,151
366,914,16506,65512,10,65525,0,2,706,105,59557,62940,152
378,946,16532,65511,10,65525,0,2,706,102,59561,62946,153
306,988,16516,65511,9,65525,0,2,706,103,59562,62927,154
324,948,16550,65510,9,65525,0,2,706,94,59558,62933,155
316,984,16586,65510,9,65525,0,2,706,95,59554,62938,156
356,958,16430,65510,9,65525,0,2,706,93,59566,62939,157
370,1014,16546,65510,8,65524,0,2,706,94,59570,62946,158
346,980,16494,65511,10,65524,0,2,706,95,59573,62953,159
346,952,16522,65512,10,65526,0,2,706,97,59578,62947,160
382,914,16524,65511,8,65526,0,2,706,103,59581,62942,161
320,894,16488,65511,9,65525,0,2,706,102,59575,62937,162
296,890,16626,65513,8,65525,0,2,706,96,59575,62928,163
396,956,16640,65510,9,65526,0,2,706,98,59568,62932,164
302,934,16592,65511,9,65526,0,2,706,107,59568,62932,165
412,948,16564,65512,9,65524,0,2,706,102,59567,62933,166
342,960,16442,65510,9,65525,0,2,706,105,59567,62941,167
360,954,16510,65512,10,65526,0,2,706,113,59564,62940,168
380,922,16460,65512,9,65525,0,2,706,100,59567,62945,169
372,962,16718,65513,8,65525,0,2,706,94,59566,62953,170
336,904,16630,65511,10,65525,0,2,706,87,59564,62952,171
386,940,16498,65512,10,65525,0,2,706,88,59566,62942,172
396,950,16554,65513,10,65525,0,2,706,86,59566,62937,173
394,928,16556,65511,9,65525,0,2,706,90,59568,62932,174
286,938,16564,65512,10,65526,0,2,706,95,59567,62926,175
372,1018,16480,65512,9,65525,0,2,706,95,59568,62934,176
296,908,16468,65513,9,65525,0,2,706,90,59566,62946,177
354,960,16566,65512,7,65526,0,2,706,87,59558,62948,178
336,952,16542,65512,9,65525,0,2,706,94,59563,62952,179
410,1000,16486,65511,9,65526,0,2,706,88,59558,62949,180
346,952,16450,65512,9,65525,0,2,706,97,59561,62944,181
286,934,16542,65511,12,65524,0,2,706,95,59555,62932,182
342,884,16506,65511,9,65524,0,2,706,95,59564,62923,183
378,900,16562,65512,10,65524,0,2,706,84,59552,62910,184
346,944,16556,65513,11,65525,0,2,706,81,59560,62915,185
390,910,16598,65511,9,65526,0,2,706,77,59554,62919,186
334,894,16500,65510,8,65524,0,2,706,82,59566,62926,187
358,964,16520,65511,10,65526,0,2,706,83,59565,62936,188
404,944,16614,65513,11,65526,0,2,706,91,59576,62953,189
446,920,16510,65510,10,65525,0,2,706,92,59570,62953,190
356,938,16616,65512,8,65524,0,2,706,86,59576,62951,191
336,970,16532,65512,7,65525,0,2,706,85,59573,62956,192
386,886,16428,65512,9,65524,0,2,706,95,59579,62951,193
404,864,16540,65511,9,65524,0,2,706,96,59573,62947,194
292,940,16590,65511,10,65524,0,2,706,104,59581,62946,195
338,936,16466,65511,8,65524,0,2,706,109,59579,62947,196
366,962,16606,65512,10,65526,0,2,706,112,59582,62937,197
342,990,16660,65511,8,65524,0,2,706,105,59574,62936,198
368,850,16564,65512,9,65527,0,2,706,101,59573,62931,199
340,946,16476,65512,9,65525,0,2,706,101,59570,62933,200
324,934,16640,65511,9,65524,0,2,706,103,59568,62930,201
368,968,16528,65512,7,65525,0,2,706,101,59568,62927,202
348,934,16526,65511,9,65525,0,2,706,100,59567,62929,203
380,946,16570,65513,9,65524,0,2,706,94,59577,62925,204
314,902,16514,65511,8,65525,0,2,706,85,59578,62915,205
394,880,16566,65511,9,65525,0,2,706,81,59580,62915,206
308,944,16618,65511,8,65526,0,2,706,72,59574,62919,207
390,936,16526,65512,8,65525,0,2,706,71,59574,62925,208
360,926,16576,65512,9,65524,0,2,706,74,59557,62930,209
322,972,16562,65510,9,65524,0,2,706,76,59560,62943,210
366,938,16552,65512,11,65525,0,2,706,72,59562,62940,211
314,944,16442,65509,10,65525,0,2,706,82,59568,62939,212
324,962,16518,65511,10,65525,0,2,706,88,59566,62941,213
390,1016,16492,65511,9,65524,0,2,706,90,59563,62936,214
366,930,16540,65510,9,65524,0,2,706,85,59551,62926,215
322,984,16516,65512,9,65524,0,2,706,87,59546,62923,216
348,956,16578,65510,9,65526,0,2,706,80,59544,62925,217
334,936,16502,65510,9,65525,0,2,706,72,59547,62918,218
428,940,16600,65511,8,65525,0,2,706,70,59555,62922,219
372,916,16530,65510,9,65525,0,2,706,68,59554,62919,220
394,906,16488,65511,9,65524,0,2,706,71,59558,62923,221
360,920,16498,65511,9,65526,0,2,706,74,59559,62924,222
322,914,16598,65509,10,65525,0,2,706,83,59556,62922,223
360,928,16560,65512,8,65526,0,2,706,87,59555,62921,224
366,906,16502,65511,9,65526,0,2,706,98,59567,62926,225
414,958,16576,65511,10,65524,0,2,706,98,59564,62929,226
366,922,16552,65510,9,65525,0,2,706,96,59571,62928,227
328,944,16620,65510,9,65525,0,2,706,93,59567,62934,228
380,964,16500,65510,9,65525,0,2,706,92,59563,62928,229
390,988,16532,65512,9,65525,0,2,706,94,59562,62937,230
336,948,16462,65512,10,65525,0,2,706,95,59555,62937,231
408,992,16480,65511,9,65525,0,2,706,102,59549,62933,232
324,964,16544,65511,8,65525,0,2,706,103,59560,62931,233
354,920,16540,65511,9,65526,0,2,706,110,59577,62931,234
320,908,16542,65513,8,65527,0,2,706,104,59572,62921,235
370,918,16580,65511,9,65524,0,2,706,105,59575,62918,236
352,928,16462,65512,8,65525,0,2,706,105,59574,62931,237
380,984,16458,65510,10,65525,0,2,706,107,59572,62927,238
324,898,16434,65510,9,65526,0,2,706,103,59569,62926,239
408,1024,16544,65512,9,65523,0,2,706,97,59572,62929,240
340,950,16486,65513,9,65524,0,2,706,91,59576,62929,241
332,948,16492,65512,9,65524,0,2,706,82,59577,62919,242
330,868,16622,65513,8,65524,0,2,706,70,59572,62923,243
364,936,16532,65511,9,65524,0,2,706,71,59570,62929,244
338,884,16534,65511,10,65525,0,2,706,77,59574,62928,245
322,930,16552,65513,8,65524,0,2,706,90,59572,62932,246
368,906,16546,65510,9,65525,0,2,706,96,59571,62940,247
322,954,16588,65511,10,65525,0,2,706,107,59570,62939,248
392,878,16554,65512,9,65525,0,2,706,109,59563,62936,249
402,948,16570,65510,9,65526,0,2,706,110,59555,62936,250
368,954,16436,65513,9,65526,0,2,706,105,59556,62929,251
464,924,16630,65511,8,65525,0,2,706,108,59551,62920,252
346,898,16460,65511,10,65525,0,2,706,105,59555,62911,253
364,948,16568,65512,9,65525,0,2,706,106,59553,62911,254
360,924,16536,65510,10,65526,0,2,706,107,59551,62915,255
354,918,16546,65512,9,65525,0,2,706,102,59559,62915,256
372,944,16498,65511,10,65524,0,2,706,96,59574,62912,257
360,966,16474,65511,9,65525,0,2,706,95,59579,62915,258
310,916,16446,65511,9,65525,0,2,706,92,59583,62916,259
310,954,16586,65512,9,65525,0,2,706,87,59589,62913,260
298,948,16528,65510,9,65526,0,2,706,85,59584,62924,261
394,944,16502,65512,8,65525,0,2,706,93,59571,62930,262
354,944,16510,65511,8,65525,0,2,706,93,59571,62937,263
370,948,16552,65511,10,65524,0,2,706,97,59574,62935,264
410,954,16538,65512,8,65526,0,2,706,105,59582,62936,265
350,964,16564,65511,7,65524,0,2,706,112,59580,62941,266
324,966,16494,65512,10,65525,0,2,706,105,59583,62942,267
352,946,16464,65510,9,65524,0,2,706,99,59581,62943,268
326,956,16550,65512,9,65527,0,2,706,93,59585,62950,269
326,962,16510,65510,8,65525,0,2,706,87,59577,62952,270
338,932,16500,65511,9,65525,0,2,706,86,59580,62951,271
362,916,16516,65511,9,65524,0,2,706,90,59587,62955,272
326,932,16562,65512,9,65525,0,2,706,93,59591,62956,273
358,992,16448,65512,9,65525,0,2,706,92,59587,62956,274
390,882,16598,65511,8,65525,0,2,706,94,59586,62954,275
452,950,16532,65511,10,65525,0,2,706,94,59584,62948,276
394,944,16562,65511,8,65525,0,2,706,92,59583,62944,277
340,908,16542,65511,8,65526,0,2,706,97,59574,62939,278
330,900,16508,65513,8,65525,0,2,706,96,59569,62934,279
388,872,16500,65512,10,65525,0,2,706,95,59570,62929,280
338,934,16498,65512,10,65525,0,2,706,87,59565,62929,281
374,946,16548,65511,10,65524,0,2,706,80,59558,62934,282
390,904,16550,65513,10,65525,0,2,706,83,59554,62934,283
320,920,16522,65511,8,65525,0,2,706,88,59560,62933,284
378,908,16522,65511,8,65525,0,2,706,92,59553,62936,285
358,942,16512,65512,9,65524,0,2,706,96,59561,62935,286
402,908,16522,65511,10,65525,0,2,706,102,59556,62941,287
368,964,16544,65511,9,65526,0,2,706,95,59566,62943,288
370,956,16590,65513,9,65526,0,2,706,89,59562,62943,289
386,982,16574,65511,9,65525,0,2,706,87,59565,62942,290
362,958,16486,65510,9,65526,0,2,706,95,59555,62941,291
358,980,16512,65512,9,65525,0,2,706,92,59553,62930,292
342,942,16528,65513,10,65525,0,2,706,86,59543,62925,293
378,928,16562,65510,8,65526,0,2,706,89,59547,62924,294
372,914,16602,65511,10,65525,0,2,706,81,59551,62921,295
362,934,16466,65513,9,65524,0,2,706,81,59559,62920,296
348,892,16562,65511,8,65524,0,2,706,91,59564,62917,297
382,942,16560,65512,8,65525,0,2,706,99,59568,62929,298
390,906,16602,65511,10,65525,0,2,706,100,59563,62927,299
380,1010,16514,65511,10,65526,0,2,706,106,59564,62928,300
396,960,16560,65512,9,65526,0,2,706,103,59559,62927,301
372,1004,16528,65512,9,65525,0,2,706,98,59565,62935,302
322,922,16620,65511,9,65524,0,2,706,97,59568,62931,303
304,920,16574,65512,8,65525,0,2,706,99,59569,62934,304
308,922,16496,65512,10,65525,0,2,706,97,59576,62942,305
360,952,16494,65511,9,65525,0,2,706,101,59573,62947,306
348,890,16568,65512,10,65524,0,2,706,100,59567,62943,307
424,942,16494,65513,9,65525,0,2,706,102,59574,62943,308
340,912,16572,65511,9,65525,0,2,706,105,59568,62940,309
364,906,16602,65512,9,65525,0,2,706,98,59562,62934,310
342,980,16560,65511,8,65526,0,2,706,92,59566,62934,311
364,946,16476,65511,8,65526,0,2,706,90,59564,62938,312
398,964,16546,65512,9,65525,0,2,706,90,59565,62934,313
318,920,16498,65512,9,65525,0,2,706,92,59574,62939,314
370,922,16572,65511,9,65525,0,2,706,102,59572,62940,315
344,912,16542,65511,10,65526,0,2,706,100,59577,62938,316
356,894,16534,65512,9,65525,0,2,706,100,59584,62932,317
344,932,16556,65511,10,65524,0,2,706,95,59572,62936,318
336,946,16510,65511,9,65524,0,2,706,82,59566,62937,319
378,966,16508,65512,10,65525,0,2,706,80,59569,62942,320
400,940,16520,65511,9,65526,0,2,706,86,59570,62947,321
386,920,16498,65511,9,65525,0,2,706,79,59569,62948,322
374,924,16560,65511,9,65524,0,2,706,82,59561,62943,323
360,914,16482,65512,9,65523,0,2,706,79,59570,62946,324
284,944,16488,65512,10,65524,0,2,706,74,59567,62939,325
436,890,16644,65510,10,65527,0,2,706,76,59564,62926,326
350,1006,16554,65509,9,65525,0,2,706,86,59568,62915,327
300,928,16544,65511,9,65525,0,2,706,85,59577,62906,328
342,914,16598,65512,11,65525,0,2,706,96,59573,62900,329
388,920,16582,65511,9,65524,0,2,706,104,59573,62902,330
344,928,16658,65513,9,65526,0,2,706,99,59571,62908,331
354,956,16488,65510,9,65525,0,2,706,95,59561,62929,332
308,984,16530,65510,10,65524,0,2,706,91,59554,62942,333
354,974,16552,65512,9,65524,0,2,706,76,59542,62939,334
296,900,16536,65513,9,65526,0,2,706,76,59543,62942,335
324,898,16538,65511,11,65525,0,2,706,80,59544,62939,336
364,944,16490,65512,9,65524,0,2,706,76,59551,62939,337
338,920,16470,65512,9,65525,0,2,706,84,59561,62945,338
364,986,16594,65511,8,65525,0,2,706,101,59568,62948,339
338,934,16578,65512,9,65523,0,2,706,99,59574,62940,340
324,946,16520,65510,10,65525,0,2,706,92,59568,62938,341
360,938,16442,65512,9,65524,0,2,706,92,59562,62933,342
358,932,16572,65512,9,65525,0,2,706,91,59556,62925,343
324,928,16614,65511,10,65526,0,2,706,82,59550,62929,344
360,938,16450,65511,9,65526,0,2,706,86,59547,62933,345
388,938,16548,65511,9,65525,0,2,706,88,59549,62936,346
412,882,16590,65512,9,65525,0,2,706,88,59541,62937,347
394,978,16528,65511,10,65525,0,2,706,84,59545,62941,348
350,948,16592,65511,9,65525,0,2,706,86,59552,62942,349
384,912,16512,65511,8,65526,0,2,706,85,59558,62953,350
396,938,16474,65512,10,65525,0,2,706,83,59557,62963,351
332,924,16520,65512,9,65525,0,2,706,89,59570,62967,352
354,946,16492,65512,10,65525,0,2,706,92,59568,62964,353
346,970,16518,65513,10,65526,0,2,706,95,59577,62966,354
406,916,16564,65512,9,65524,0,2,706,84,59570,62968,355
318,980,16536,65511,8,65525,0,2,706,87,59575,62969,356
324,942,16482,65511,9,65526,0,2,706,77,59570,62967,357
418,946,16538,65512,8,65525,0,2,706,75,59575,62966,358
304,952,16528,65510,9,65524,0,2,706,85,59575,62974,359
366,960,16652,65512,10,65526,0,2,706,87,59571,62958,360
404,908,16466,65509,9,65526,0,2,706,89,59562,62958,361
316,946,16596,65511,9,65524,0,2,706,93,59568,62962,362
332,932,16490,65511,8,65526,0,2,706,98,59564,62970,363
398,838,16492,65511,9,65525,0,2,706,91,59558,62966,364
410,968,16608,65513,10,65526,0,2,706,85,59560,62975,365
386,956,16558,65511,9,65525,0,2,706,83,59568,62968,366
358,928,16476,65511,10,65525,0,2,706,84,59570,62965,367
314,866,16594,65511,9,65525,0,2,706,77,59569,62958,368
382,962,16526,65511,9,65525,0,2,706,70,59562,62952,369
372,984,16578,65512,10,65524,0,2,706,76,59563,62948,370
408,960,16452,65512,9,65526,0,2,706,74,59565,62945,371
362,988,16530,65513,9,65525,0,2,706,83,59565,62942,372
354,918,16498,65511,9,65524,0,2,706,81,59565,62945,373
406,898,16522,65512,10,65524,0,2,706,82,59571,62941,374
370,906,16580,65512,9,65524,0,2,706,84,59571,62950,375
420,930,16392,65511,9,65524,0,2,706,86,59571,62958,376
320,956,16464,65511,11,65525,0,2,706,80,59558,62961,377
310,936,16530,65512,8,65524,0,2,706,90,59558,62973,378
376,948,16504,65512,10,65525,0,2,706,96,59557,62985,379
378,926,16510,65511,9,65525,0,2,706,103,59560,62990,380
366,896,16510,65511,8,65525,0,2,706,100,59550,62994,381
384,958,16482,65512,9,65526,0,2,706,100,59551,62993,382
394,926,16468,65511,8,65524,0,2,706,97,59544,62983,383
364,948,16556,65511,9,65525,0,2,706,99,59541,62979,384
394,946,16464,65511,8,65526,0,2,706,92,59530,62974,385
356,944,16564,65512,9,65524,0,2,706,95,59539,62969,386
420,908,16492,65510,8,65526,0,2,706,96,59539,62973,387
400,988,16472,65511,10,65525,0,2,706,98,59545,62974,388
330,928,16594,65511,9,65525,0,2,706,90,59552,62967,389
432,970,16456,65511,8,65524,0,2,706,101,59553,62968,390
326,908,16588,65513,8,65525,0,2,706,105,59553,62969,391
352,904,16532,65512,8,65526,0,2,706,101,59549,62970,392
402,952,16560,65513,10,65524,0,2,706,97,59549,62976,393
384,932,16510,65511,8,65525,0,2,706,102,59538,62982,394
378,928,16540,65511,11,65525,0,2,706,93,59533,62982,395
338,974,16396,65512,9,65524,0,2,706,97,59534,62990,396
326,988,16608,65511,8,65526,0,2,706,88,59545,62980,397
340,942,16612,65510,9,65525,0,2,706,90,59548,62973,398
348,854,16522,65510,9,65525,0,2,706,92,59548,62976,399
336,944,16504,65512,9,65525,0,2,706,91,59558,62982,400
362,944,16542,65511,9,65526,0,2,706,73,59558,62983,401
362,936,16574,65510,9,65525,0,2,706,84,59552,62995,402
430,942,16538,65510,8,65524,0,2,706,80,59547,62993,403
376,942,16580,65511,9,65526,0,2,706,69,59553,62986,404
322,980,16488,65513,8,65525,0,2,706,74,59551,62975,405
370,980,16514,65510,9,65524,0,2,706,89,59551,62967,406
340,974,16588,65510,8,65526,0,2,706,96,59546,62961,407
398,920,16488,65511,9,65526,0,2,706,100,59547,62963,408
392,902,16550,65511,9,65524,0,2,706,113,59543,62967,409
352,936,16538,65511,10,65525,0,2,706,116,59545,62975,410
296,912,16530,65512,10,65525,0,2,706,107,59538,62975,411
378,938,16588,65511,10,65525,0,2,706,93,59542,62979,412
372,916,16472,65513,7,65525,0,2,706,88,59545,62987,413
372,956,16474,65511,10,65524,0,2,706,85,59548,62993,414
304,882,16516,65512,8,65526,0,2,706,76,59549,62992,415
312,926,16504,65509,9,65524,0,2,706,78,59556,62988,416
376,978,16548,65512,8,65526,0,2,706,90,59565,62988,417
356,964,16516,65511,9,65525,0,2,706,89,59560,62986,418
374,952,16510,65511,10,65524,0,2,706,88,59561,62981,419
338,992,16568,65512,10,65524,0,2,706,96,59559,62978,420
338,940,16456,65510,9,65526,0,2,706,90,59553,62986,421
332,968,16576,65511,10,65524,0,2,706,88,59552,62981,422
360,950,16626,65511,10,65525,0,2,706,88,59557,62974,423
340,912,16468,65510,9,65525,0,2,706,85,59556,62977,424
352,898,16414,65511,9,65524,0,2,706,77,59553,62980,425
344,958,16478,65512,10,65525,0,2,706,78,59553,62975,426
330,976,16584,65512,9,65525,0,2,706,68,59554,62982,427
336,904,16588,65511,8,65526,0,2,706,78,59545,62990,428
344,812,16444,65511,10,65525,0,2,706,81,59536,62985,429
326,924,16528,65512,9,65525,0,2,706,79,59544,62977,430
338,926,16576,65511,9,65525,0,2,706,79,59553,62972,431
356,942,16564,65511,10,65526,0,2,706,88,59545,62975,432
336,912,16594,65511,10,65524,0,2,706,80,59554,62970,433
322,914,16458,65512,9,65526,0,2,706,80,59566,62964,434
330,920,16546,65511,10,65525,0,2,706,84,59570,62970,435
372,936,16544,65511,8,65525,0,2,706,86,59561,62975,436
352,912,16500,65513,9,65523,0,2,706,89,59564,62966,437
362,964,16558,65511,8,65524,0,2,706,94,59568,62965,438
380,936,16538,65512,8,65524,0,2,706,89,59560,62973,439
356,976,16512,65511,10,65526,0,2,706,93,59549,62978,440
390,904,16528,65511,9,65526,0,2,706,97,59550,62978,441
398,940,16540,65511,9,65526,0,2,706,92,59561,62978,442
346,916,16512,65513,10,65525,0,2,706,93,59557,62975,443
362,958,16576,65513,10,65525,0,2,706,97,59556,62981,444
398,956,16630,65511,10,65525,0,2,706,97,59561,62980,445
320,916,16620,65511,9,65524,0,2,706,100,59561,62979,446
386,966,16532,65511,8,65525,0,2,706,107,59542,62983,447
378,956,16548,65510,10,65525,0,2,706,103,59550,62991,448
310,912,16500,65511,9,65525,0,2,706,106,59560,62987,449
366,956,16472,65511,10,65526,0,2,706,113,59562,62975,450
392,898,16602,65511,9,65526,0,2,706,113,59565,62977,451
320,930,16460,65511,10,65525,0,2,706,113,59572,62976,452
338,896,16426,65513,9,65524,0,2,706,121,59559,62967,453
386,914,16480,65511,9,65524,0,2,706,113,59556,62976,454
318,930,16442,65515,8,65525,0,2,706,100,59551,62988,455
410,948,16646,65510,10,65525,0,2,706,99,59549,62991,456
404,920,16568,65511,7,65524,0,2,706,95,59553,62999,457
378,886,16448,65512,10,65525,0,2,706,89,59559,63003,458
382,910,16542,65510,12,65525,0,2,706,90,59558,62996,459
396,950,16594,65511,8,65524,0,2,706,90,59567,62992,460
350,942,16532,65511,9,65525,0,2,706,84,59564,62990,461
362,982,16532,65510,8,65526,0,2,706,78,59560,62977,462
368,970,16514,65510,9,65526,0,2,706,87,59551,62981,463
270,938,16520,65510,10,65525,0,2,706,93,59544,62979,464
358,978,16460,65512,10,65525,0,2,706,94,59550,62978,465
328,954,16570,65513,9,65524,0,2,706,94,59548,62984,466
376,922,16590,65512,9,65524,0,2,706,81,59549,62984,467
284,958,16616,65511,9,65525,0,2,706,78,59558,62984,468
332,904,16494,65510,8,65523,0,2,706,76,59556,62984,469
376,928,16550,65511,9,65525,0,2,706,76,59555,62986,470
330,968,16514,65510,9,65525,0,2,706,79,59552,62990,471
330,930,16518,65513,10,65524,0,2,706,91,59556,62995,472
314,916,16500,65511,8,65525,0,2,706,96,59558,62995,473
334,956,16536,65513,10,65524,0,2,706,97,59557,63001,474
352,936,16542,65512,11,65524,0,2,706,95,59553,62995,475
376,926,16588,65511,9,65525,0,2,706,90,59557,62983,476
352,890,16446,65513,9,65525,0,2,706,83,59544,62965,477
352,952,16502,65511,8,65525,0,2,706,83,59538,62963,478
422,942,16562,65511,8,65525,0,2,706,84,59541,62963,479
366,956,16438,65510,8,65525,0,2,706,87,59544,62978,480
356,918,16588,65512,10,65525,0,2,706,88,59537,62988,481
362,990,16528,65511,10,65525,0,2,706,98,59542,63002,482
364,886,16550,65512,9,65524,0,2,706,102,59549,63006,483
422,900,16480,65511,10,65525,0,2,706,102,59542,63006,484
342,926,16548,65512,9,65525,0,2,706,104,59536,62999,485
336,904,16576,65512,10,65526,0,2,706,109,59550,62998,486
372,902,16468,65513,9,65524,0,2,706,112,59561,62993,487
410,928,16594,65512,10,65525,0,2,706,97,59549,62991,488
378,938,16512,65512,9,65526,0,2,706,94,59555,62994,489
316,878,16446,65512,10,65524,0,2,706,91,59558,62990,490
342,958,16534,65511,8,65526,0,2,706,91,59553,62990,491
360,924,16566,65511,9,65525,0,2,706,87,59546,62999,492
304,926,16562,65511,9,65527,0,2,706,93,59550,62998,493
362,910,16450,65511,9,65526,0,2,706,98,59542,62994,494
328,886,16588,65512,10,65524,0,2,706,103,59541,63002,495
378,970,16476,65512,9,65524,0,2,706,99,59536,63011,496
350,922,16586,65510,9,65524,0,2,706,91,59531,63005,497
372,984,16484,65511,10,65524,0,2,706,91,59530,63000,498
298,950,16496,65512,10,65524,0,2,706,83,59538,63000,499
378,934,16548,65510,9,65524,0,2,706,83,59545,63001,500
352,902,16474,65512,9,65526,0,2,706,90,59542,62997,501
346,944,16496,65512,9,65526,0,2,706,100,59544,62994,502
370,924,16642,65513,10,65526,0,2,706,101,59546,63008,503
346,978,16578,65511,9,65524,0,2,706,110,59544,63013,504
368,888,16482,65512,10,65525,0,2,706,110,59528,63003,505
322,912,16580,65512,10,65523,0,2,706,104,59533,62998,506
292,908,16472,65511,9,65525,0,2,706,98,59536,62994,507
308,884,16590,65511,9,65525,0,2,706,91,59533,62990,508
362,936,16484,65510,9,65524,0,2,706,87,59536,62994,509
386,924,16450,65511,9,65524,0,2,706,87,59547,63005,510
392,918,16570,65510,9,65526,0,2,706,84,59533,63005,511
350,914,16566,65511,8,65525,0,2,706,87,59539,63006,512
368,956,16462,65512,9,65525,0,2,706,89,59543,62999,513
312,976,16504,65511,10,65525,0,2,706,91,59541,62997,514
356,910,16506,65512,10,65524,0,2,706,90,59536,62990,515
354,930,16500,65511,8,65525,0,2,706,87,59537,62991,516
380,1000,16464,65513,10,65525,0,2,706,92,59524,62993,517
364,964,16540,65511,8,65525,0,2,706,101,59518,62994,518
396,924,16616,65511,9,65525,0,2,706,111,59518,62995,519
360,980,16544,65513,8,65524,0,2,706,119,59519,62997,520
334,956,16516,65511,8,65526,0,2,706,121,59517,62999,521
392,900,16552,65512,10,65524,0,2,706,119,59523,63001,522
358,962,16570,65511,10,65524,0,2,706,108,59530,63001,523
334,928,16584,65511,9,65524,0,2,706,101,59521,62994,524
368,938,16510,65512,9,65525,0,2,706,92,59518,62997,525
338,972,16592,65510,9,65526,0,2,706,89,59519,62987,526
388,976,16528,65511,9,65523,0,2,706,88,59512,62988,527
368,954,16662,65511,11,65526,0,2,706,90,59520,62986,528
394,964,16532,65512,8,65525,0,2,706,88,59526,62991,529
358,968,16542,65511,9,65525,0,2,706,91,59526,62989,530
352,960,16440,65511,11,65525,0,2,706,88,59528,62989,531
254,890,16508,65511,9,65524,0,2,706,86,59532,62996,532
332,896,16660,65512,9,65526,0,2,706,86,59529,63006,533
376,1006,16580,65513,10,65525,0,2,706,86,59534,63006,534
328,956,16558,65511,9,65525,0,2,706,88,59540,63010,535
340,968,16464,65511,10,65524,0,2,706,90,59541,63024,536
360,948,16568,65512,8,65525,0,2,706,91,59539,63021,537
348,936,16662,65511,9,65524,0,2,706,98,59536,63006,538
352,924,16546,65512,9,65524,0,2,706,101,59532,63007,539
374,962,16620,65511,10,65525,0,2,706,104,59526,62996,540
338,976,16454,65512,9,65526,0,2,706,110,59520,62997,541
402,950,16492,65512,8,65525,0,2,706,110,59529,62998,542
334,874,16496,65512,9,65525,0,2,706,103,59528,63003,543
330,904,16580,65511,10,65525,0,2,706,101,59535,63007,544
388,898,16572,65513,10,65525,0,2,706,99,59537,63013,545
398,926,16500,65512,10,65526,0,2,706,92,59545,62999,546
386,940,16570,65512,9,65525,0,2,706,93,59537,62987,547
366,938,16496,65512,9,65524,0,2,706,102,59534,62979,548
328,930,16562,65511,9,65525,0,2,706,103,59532,62979,549
394,958,16546,65512,9,65525,0,2,706,99,59532,62969,550
368,954,16486,65510,9,65525,0,2,706,99,59523,62978,551
376,954,16610,65512,9,65524,0,2,706,96,59519,62984,552
334,930,16488,65512,7,65525,0,2,706,91,59516,62991,553
396,928,16552,65512,8,65524,0,2,706,91,59520,62994,554
368,954,16544,65511,9,65524,0,2,706,97,59521,62999,555
362,888,16482,65511,8,65524,0,2,706,100,59523,63002,556
318,906,16536,65512,9,65525,0,2,706,108,59536,63002,557
372,924,16494,65512,9,65525,0,2,706,105,59542,63002,558
340,872,16574,65511,8,65525,0,2,706,101,59537,63004,559
400,942,16642,65510,9,65525,0,2,706,96,59531,62997,560
344,980,16458,65510,10,65525,0,2,706,96,59526,62991,561
384,922,16574,65511,9,65525,0,2,706,95,59508,62989,562
372,900,16604,65511,10,65526,0,2,706,97,59506,62986,563
372,958,16644,65511,8,65525,0,2,706,95,59504,62976,564
356,922,16548,65512,10,65524,0,2,706,107,59507,62985,565
348,952,16556,65513,8,65524,0,2,706,109,59512,62983,566
352,992,16468,65512,9,65525,0,2,706,105,59528,62988,567
374,980,16530,65512,8,65524,0,2,706,103,59536,62989,568
382,962,16510,65512,8,65525,0,2,706,103,59532,62992,569
336,950,16596,65511,9,65525,0,2,706,90,59530,62993,570
326,968,16448,65511,9,65525,0,2,706,91,59532,62999,571
330,894,16600,65511,10,65525,0,2,706,98,59525,62998,572
378,948,16574,65512,10,65524,0,2,706,100,59519,63005,573
344,946,16488,65512,9,65525,0,2,706,110,59524,63003,574
334,932,16542,65512,10,65525,0,2,706,113,59526,63007,575
290,964,16486,65512,10,65525,0,2,706,108,59525,63012,576
320,916,16516,65511,9,65524,0,2,706,104,59522,63010,577
376,956,16564,65511,9,65524,0,2,706,98,59516,62996,578
372,932,16596,65511,8,65525,0,2,706,89,59519,62993,579
336,902,16502,65512,9,65525,0,2,706,80,59520,62976,580
340,952,16528,65512,7,65525,0,2,706,71,59521,62978,581
382,978,16520,65511,9,65526,0,2,706,75,59536,62988,582
384,926,16572,65513,9,65525,0,2,706,80,59531,62997,583
354,906,16632,65511,10,65525,0,2,706,93,59530,62994,584
420,918,16504,65511,10,65524,0,2,706,110,59529,63001,585
348,926,16554,65510,9,65526,0,2,706,117,59540,62998,586
370,920,16496,65511,10,65525,0,2,706,113,59545,62997,587
296,894,16620,65512,8,65525,0,2,706,110,59553,62991,588
384,976,16564,65511,8,65525,0,2,706,101,59552,62999,589
368,936,16558,65512,9,65525,0,2,706,93,59550,63001,590
352,918,16494,65511,9,65526,0,2,706,95,59543,63002,591
380,904,16588,65512,8,65524,0,2,706,108,59534,63005,592
310,968,16580,65510,8,65525,0,2,706,117,59521,63009,593
372,922,16588,65511,8,65525,0,2,706,117,59517,63002,594
326,944,16634,65512,10,65526,0,2,706,119,59527,62995,595
322,984,16558,65513,10,65526,0,2,706,119,59526,62994,596
354,916,16626,65511,9,65524,0,2,706,117,59524,62992,597
402,1012,16520,65511,9,65525,0,2,706,99,59529,62995,598
406,910,16456,65512,10,65524,0,2,706,94,59527,63000,599
352,928,16616,65512,10,65525,0,2,706,93,59513,63000,600
360,998,16528,65511,8,65526,0,2,706,88,59509,62998,601
292,930,16498,65510,10,65525,0,2,706,77,59511,62994,602
420,910,16556,65511,10,65525,0,2,706,78,59505,62986,603
364,944,16496,65511,10,65526,0,2,706,86,59509,62981,604
336,934,16500,65511,9,65526,0,2,706,85,59517,62988,605
384,942,16510,65511,10,65526,0,2,706,83,59524,62990,606
366,964,16548,65512,9,65525,0,2,706,87,59524,62993,607
374,898,16590,65511,10,65524,0,2,706,97,59528,62989,608
350,936,16582,65511,10,65525,0,2,706,104,59527,62992,609
340,956,16522,65512,9,65526,0,2,706,106,59527,62986,610
382,916,16638,65511,9,65525,0,2,706,105,59524,62984,611
398,956,16470,65510,8,65524,0,2,706,107,59526,62987,612
354,954,16550,65511,9,65526,0,2,706,107,59533,62991,613
362,1004,16518,65510,11,65525,0,2,706,101,59534,62993,614
322,942,16544,65513,10,65525,0,2,706,108,59532,62997,615
390,968,16488,65512,9,65525,0,2,706,105,59530,63002,616
334,902,16590,65511,8,65524,0,2,706,96,59528,62996,617
400,934,16558,65510,10,65526,0,2,706,94,59530,62995,618
350,952,16562,65510,8,65524,0,2,706,92,59526,62986,619
358,932,16478,65512,10,65523,0,2,706,84,59530,62983,620
358,894,16514,65512,10,65524,0,2,706,91,59536,62978,621
322,920,16638,65511,9,65523,0,2,706,90,59534,62979,622
330,914,16526,65509,10,65527,0,2,706,85,59531,62977,623
398,908,16492,65511,9,65526,0,2,706,79,59525,62982,624
406,976,16580,65511,10,65525,0,2,706,79,59527,62980,625
318,970,16468,65511,9,65525,0,2,706,85,59534,62976,626
356,878,16550,65511,9,65525,0,2,706,96,59534,62974,627
374,986,16596,65512,9,65525,0,2,706,101,59537,62976,628
378,930,16562,65511,10,65524,0,2,706,104,59545,62972,629
388,954,16588,65512,7,65524,0,2,706,105,59543,62982,630
314,968,16530,65513,9,65526,0,2,706,96,59547,62982,631
326,948,16516,65510,11,65526,0,2,706,101,59550,62979,632
314,984,16496,65511,9,65524,0,2,706,109,59550,62986,633
382,892,16496,65512,9,65524,0,2,706,112,59557,62992,634
308,938,16520,65511,10,65526,0,2,706,100,59549,62981,635
356,940,16640,65512,10,65524,0,2,706,103,59544,62978,636
340,908,16650,65510,9,65526,0,2,706,95,59541,62976,637
316,940,16458,65513,9,65526,0,2,706,91,59547,62964,638
340,912,16600,65513,8,65525,0,2,706,93,59543,62957,639
318,882,16554,65511,9,65525,0,2,706,98,59545,62954,640
328,930,16512,65513,8,65525,0,2,706,103,59550,62963,641
406,956,16588,65512,8,65526,0,2,706,108,59548,62972,642
372,956,16528,65512,9,65524,0,2,706,107,59539,62983,643
368,916,16472,65511,9,65526,0,2,706,101,59532,62990,644
362,922,16436,65512,9,65525,0,2,706,97,59523,62994,645
352,992,16464,65511,9,65525,0,2,706,92,59525,62992,646
352,952,16564,65510,10,65526,0,2,706,90,59530,62991,647
328,918,16548,65513,8,65524,0,2,706,87,59535,62990,648
340,932,16534,65511,9,65524,0,2,706,83,59541,62989,649
372,960,16630,65512,10,65525,0,2,706,87,59544,62988,650
294,920,16636,65512,9,65524,0,2,706,80,59533,62983,651
356,928,16544,65511,8,65526,0,2,706,78,59529,62973,652
342,952,16484,65512,9,65524,0,2,706,78,59523,62964,653
388,906,16520,65512,9,65523,0,2,706,79,59516,62959,654
318,908,16538,65513,8,65524,0,2,706,82,59520,62962,655
366,898,16598,65512,9,65526,0,2,706,83,59522,62963,656
364,928,16532,65512,10,65525,0,2,706,94,59526,62971,657
398,900,16538,65512,9,65525,0,2,706,94,59533,62976,658
362,926,16556,65511,10,65525,0,2,706,94,59539,62977,659
346,964,16550,65511,9,65525,0,2,706,95,59540,62974,660
400,926,16504,65512,8,65526,0,2,706,96,59541,62976,661
424,904,16564,65511,7,65525,0,2,706,78,59542,62965,662
416,906,16440,65511,10,65525,0,2,706,77,59532,62962,663
360,852,16512,65512,9,65525,0,2,706,75,59537,62965,664
374,930,16514,65512,10,65525,0,2,706,77,59536,62969,665
360,910,16582,65512,8,65524,0,2,706,70,59536,62959,666
344,936,16430,65511,10,65525,0,2,706,85,59526,62970,667
374,954,16566,65512,9,65525,0,2,706,91,59532,62972,668
316,936,16502,65511,8,65524,0,2,706,94,59533,62970,669
412,950,16532,65512,9,65525,0,2,706,92,59541,62968,670
310,960,16520,65509,8,65525,0,2,706,103,59546,62980,671
416,914,16548,65509,9,65526,0,2,706,100,59550,62976,672
400,938,16632,65511,9,65525,0,2,706,97,59549,62969,673
328,932,16658,65511,10,65525,0,2,706,96,59548,62966,674
368,942,16604,65510,9,65524,0,2,706,96,59545,62963,675
346,916,16480,65512,9,65526,0,2,706,101,59542,62950,676
382,982,16532,65510,10,65525,0,2,706,88,59550,62946,677
400,932,16570,65511,9,65524,0,2,706,94,59558,62953,678
342,864,16498,65513,8,65525,0,2,706,92,59566,62957,679
424,928,16530,65511,8,65525,0,2,706,93,59568,62961,680
376,930,16566,65512,10,65525,0,2,706,91,59580,62962,681
298,972,16522,65511,10,65526,0,2,706,99,59576,62971,682
406,940,16550,65512,9,65524,0,2,706,90,59569,62975,683
370,968,16506,65511,8,65525,0,2,706,94,59565,62969,684
338,908,16544,65511,9,65526,0,2,706,93,59560,62963,685
368,914,16544,65512,11,65524,0,2,706,94,59556,62963,686
394,898,16572,65511,8,65525,0,2,706,93,59558,62954,687
356,966,16626,65512,8,65524,0,2,706,103,59563,62941,688
318,968,16558,65512,10,65526,0,2,706,100,59559,62941,689
338,958,16528,65512,9,65524,0,2,706,89,59559,62939,690
348,910,16534,65511,8,65525,0,2,706,85,59554,62935,691
368,954,16600,65512,8,65525,0,2,706,85,59559,62940,692
304,962,16502,65512,9,65526,0,2,706,75,59553,62950,693
344,952,16528,65511,9,65524,0,2,706,80,59555,62942,694
396,974,16494,65511,9,65526,0,2,706,89,59550,62952,695
348,962,16550,65512,10,65525,0,2,706,90,59553,62962,696
318,920,16454,65512,10,65525,0,2,706,91,59544,62960,697
402,910,16648,65511,8,65526,0,2,706,94,59544,62954,698
314,950,16516,65511,9,65526,0,2,706,88,59542,62954,699
384,886,16554,65513,10,65524,0,2,706,86,59553,62943,700
376,964,16494,65512,7,65525,0,2,706,89,59551,62933,701
346,936,16458,65512,9,65525,0,2,706,91,59555,62936,702
386,926,16602,65513,9,65525,0,2,706,82,59559,62929,703
408,1006,16524,65511,9,65524,0,2,706,95,59559,62937,704
382,884,16548,65511,10,65525,0,2,706,98,59559,62938,705
346,878,16578,65511,8,65525,0,2,706,91,59559,62936,706
416,1014,16522,65511,10,65526,0,2,706,87,59558,62928,707
348,972,16532,65511,10,65525,0,2,706,92,59561,62928,708
346,926,16528,65512,11,65525,0,2,706,87,59559,62922,709
360,972,16572,65512,8,65525,0,2,706,89,59552,62923,710
332,940,16508,65512,9,65525,0,2,706,96,59554,62922,711
350,972,16590,65511,9,65525,0,2,706,100,59559,62909,712
326,956,16478,65512,10,65525,0,2,706,104,59558,62908,713
372,896,16636,65510,9,65525,0,2,706,104,59563,62907,714
366,940,16562,65511,10,65525,0,2,706,105,59570,62905,715
408,930,16588,65511,9,65526,0,2,706,108,59571,62914,716
356,930,16572,65512,9,65525,0,2,706,103,59566,62922,717
346,1016,16544,65510,9,65524,0,2,706,101,59562,62923,718
390,938,16586,65512,8,65524,0,2,706,103,59570,62936,719
392,966,16526,65512,10,65526,0,2,706,99,59571,62934,720
408,924,16530,65511,9,65524,0,2,706,93,59573,62929,721
388,994,16442,65512,9,65526,0,2,706,95,59583,62937,722
372,952,16436,65512,7,65525,0,2,706,104,59592,62937,723
384,920,16526,65511,9,65524,0,2,706,94,59584,62921,724
374,952,16500,65511,9,65523,0,2,706,100,59584,62916,725
366,932,16548,65511,8,65525,0,2,706,103,59583,62912,726
380,976,16476,65512,10,65525,0,2,706,98,59576,62901,727
370,948,16602,65512,9,65526,0,2,706,95,59569,62896,728
372,926,16484,65511,9,65526,0,2,706,90,59579,62895,729
394,972,16462,65511,9,65524,0,2,706,78,59575,62897,730
314,956,16464,65511,9,65526,0,2,706,68,59573,62890,731
340,894,16416,65512,10,65526,0,2,706,69,59574,62892,732
296,934,16524,65512,9,65524,0,2,706,66,59577,62890,733
348,950,16546,65510,10,65524,0,2,706,79,59565,62894,734
388,966,16488,65510,9,65525,0,2,706,92,59571,62893,735
334,900,16544,65511,9,65525,0,2,706,101,59576,62897,736
360,936,16564,65512,8,65525,0,2,706,107,59579,62891,737
338,880,16432,65512,9,65525,0,2,706,95,59585,62893,738
270,984,16468,65512,9,65525,0,2,706,88,59597,62896,739
348,966,16600,65512,9,65526,0,2,706,86,59600,62893,740
366,906,16468,65513,10,65526,0,2,706,92,59602,62894,741
310,996,16576,65511,8,65525,0,2,706,86,59603,62907,742
438,894,16538,65510,9,65526,0,2,706,97,59600,62919,743
374,966,16472,65511,8,65525,0,2,706,100,59594,62918,744
338,898,16466,65512,8,65524,0,2,706,94,59588,62912,745
336,910,16594,65512,7,65526,0,2,706,88,59586,62907,746
360,962,16494,65512,9,65525,0,2,706,91,59579,62894,747
340,878,16392,65511,8,65525,0,2,706,95,59576,62877,748
342,916,16622,65512,10,65525,0,2,706,95,59575,62877,749
340,904,16548,65511,8,65525,0,2,706,96,59574,62884,750
386,902,16470,65512,8,65526,0,2,706,96,59576,62892,751
336,886,16586,65512,9,65524,0,2,706,90,59583,62897,752
374,904,16518,65511,9,65526,0,2,706,84,59581,62901,753
344,928,16520,65513,9,65525,0,2,706,92,59589,62893,754
338,892,16550,65510,11,65525,0,2,706,95,59595,62894,755
372,938,16560,65512,10,65524,0,2,706,99,59598,62886,756
376,874,16628,65512,8,65525,0,2,706,102,59598,62884,757
384,944,16594,65512,10,65524,0,2,706,109,59601,62882,758
374,956,16580,65512,9,65524,0,2,706,97,59596,62885,759
388,934,16510,65511,9,65524,0,2,706,93,59593,62880,760
358,900,16550,65510,9,65525,0,2,706,92,59589,62888,761
246,950,16492,65513,9,65525,0,2,706,94,59591,62892,762
372,896,16532,65511,8,65525,0,2,706,91,59594,62891,763
334,896,16458,65512,8,65526,0,2,706,90,59594,62894,764
376,918,16534,65510,8,65525,0,2,706,94,59599,62890,765
362,910,16538,65511,9,65524,0,2,706,93,59597,62888,766
354,952,16590,65510,10,65526,0,2,706,94,59588,62883,767
352,940,16668,65511,10,65524,0,2,706,93,59579,62884,768
380,930,16556,65510,9,65524,0,2,706,96,59574,62874,769
392,968,16464,65510,10,65525,0,2,706,89,59570,62887,770
332,920,16518,65512,8,65524,0,2,706,80,59563,62884,771
382,954,16534,65513,9,65525,0,2,706,76,59564,62885,772
314,926,16638,65510,8,65525,0,2,706,76,59574,62891,773
328,956,16512,65512,8,65526,0,2,706,80,59577,62900,774
378,954,16540,65514,9,65524,0,2,706,79,59575,62898,775
426,942,16504,65512,9,65525,0,2,706,79,59590,62900,776
350,936,16522,65511,9,65526,0,2,706,79,59595,62901,777
362,906,16466,65511,9,65525,0,2,706,72,59590,62895,778
388,966,16542,65511,9,65526,0,2,706,67,59596,62889,779
430,952,16432,65510,9,65525,0,2,706,65,59604,62891,780
340,942,16518,65512,9,65525,0,2,706,71,59598,62881,781
386,916,16522,65513,8,65526,0,2,706,72,59600,62882,782
300,938,16592,65510,9,65526,0,2,706,81,59610,62883,783
364,910,16524,65511,8,65524,0,2,706,86,59601,62882,784
352,1014,16664,65511,10,65525,0,2,706,91,59595,62874,785
380,946,16570,65511,9,65524,0,2,706,101,59590,62887,786
338,852,16514,65509,9,65525,0,2,706,106,59587,62879,787
360,932,16472,65513,10,65525,0,2,706,105,59583,62882,788
378,960,16556,65511,8,65526,0,2,706,99,59590,62887,789
336,924,16504,65511,8,65525,0,2,706,104,59589,62892,790
374,958,16478,65511,9,65524,0,2,706,91,59584,62886,791
330,970,16578,65510,9,65525,0,2,706,86,59589,62893,792
330,932,16596,65513,9,65525,0,2,706,88,59590,62895,793
322,870,16590,65511,9,65526,0,2,706,95,59589,62891,794
392,898,16438,65510,9,65526,0,2,706,87,59592,62887,795
384,930,16472,65512,9,65525,0,2,706,92,59604,62880,796
358,958,16588,65512,9,65525,0,2,706,94,59599,62877,797
402,974,16544,65511,9,65525,0,2,706,90,59592,62872,798
334,950,16606,65511,9,65525,0,2,706,93,59590,62871,799
296,902,16638,65511,8,65525,0,2,706,89,59586,62875,800
334,988,16512,65512,9,65525,0,2,706,92,59585,62881,801
392,902,16518,65511,9,65526,0,2,706,91,59586,62882,802
366,924,16486,65511,8,65524,0,2,706,90,59586,62885,803
370,934,16656,65511,9,65526,0,2,706,79,59581,62884,804
346,954,16518,65511,9,65525,0,2,706,87,59579,62878,805
372,926,16616,65511,9,65526,0,2,706,87,59584,62879,806
342,948,16556,65511,9,65525,0,2,706,89,59585,62877,807
394,918,16552,65512,8,65526,0,2,706,95,59583,62872,808
382,930,16624,65512,8,65525,0,2,706,98,59592,62870,809
352,958,16554,65511,9,65525,0,2,706,97,59604,62871,810
290,892,16504,65512,8,65525,0,2,706,95,59597,62873,811
372,908,16548,65510,10,65525,0,2,706,91,59595,62871,812
376,904,16452,65511,9,65525,0,2,706,92,59601,62871,813
380,952,16550,65512,9,65525,0,2,706,89,59599,62875,814
300,1012,16594,65510,8,65525,0,2,706,87,59588,62869,815
372,908,16516,65511,9,65524,0,2,706,88,59589,62867,816
364,994,16480,65511,10,65525,0,2,706,90,59587,62877,817
354,868,16542,65512,9,65524,0,2,706,85,59586,62874,818
410,954,16508,65511,10,65526,0,2,706,84,59591,62877,819
362,966,16586,65511,10,65525,0,2,706,79,59597,62880,820
350,996,16602,65511,10,65524,0,2,706,86,59592,62874,821
358,900,16420,65511,10,65525,0,2,706,86,59600,62860,822
378,926,16574,65512,10,65525,0,2,706,86,59598,62865,823
360,972,16500,65513,10,65524,0,2,706,87,59589,62864,824
338,892,16594,65511,10,65524,0,2,706,92,59582,62869,825
388,932,16568,65512,9,65525,0,2,706,86,59589,62871,826
362,958,16636,65512,9,65526,0,2,706,89,59581,62872,827
372,914,16606,65511,9,65524,0,2,706,92,59585,62874,828
356,952,16448,65512,9,65525,0,2,706,96,59590,62876,829
358,892,16568,65513,9,65525,0,2,706,95,59596,62874,830
346,930,16564,65512,10,65524,0,2,706,99,59587,62869,831
418,934,16528,65511,8,65526,0,2,706,95,59592,62870,832
326,910,16616,65512,9,65526,0,2,706,88,59590,62866,833
390,932,16426,65511,9,65525,0,2,706,82,59590,62855,834
364,950,16506,65513,9,65525,0,2,706,82,59585,62854,835
342,944,16594,65513,8,65524,0,2,706,75,59596,62860,836
380,946,16482,65511,9,65527,0,2,706,77,59595,62857,837
358,970,16604,65512,10,65525,0,2,706,82,59586,62854,838
374,936,16512,65512,9,65526,0,2,706,93,59589,62868,839
338,976,16536,65513,8,65525,0,2,706,91,59593,62866,840
348,930,16622,65511,10,65525,0,2,706,91,59589,62861,841
376,908,16558,65511,9,65525,0,2,706,89,59594,62874,842
390,932,16468,65509,10,65526,0,2,706,91,59604,62879,843
424,924,16556,65511,10,65525,0,2,706,87,59599,62874,844
342,906,16522,65513,11,65526,0,2,706,95,59601,62882,845
392,874,16462,65510,8,65525,0,2,706,97,59610,62884,846
388,904,16504,65509,8,65525,0,2,706,100,59603,62882,847
358,970,16428,65513,10,65526,0,2,706,90,59601,62884,848
356,956,16516,65512,10,65525,0,2,706,89,59597,62874,849
312,976,16590,65510,9,65525,0,2,706,83,59593,62864,850
330,934,16574,65510,10,65525,0,2,706,89,59580,62865,851
386,914,16548,65512,9,65525,0,2,706,95,59594,62866,852
406,974,16642,65512,8,65526,0,2,706,101,59594,62863,853
322,920,16566,65511,8,65524,0,2,706,97,59597,62873,854
378,874,16576,65511,8,65524,0,2,706,99,59598,62878,855
360,872,16552,65510,9,65525,0,2,706,94,59602,62880,856
358,916,16568,65513,9,65526,0,2,706,97,59601,62875,857
342,964,16450,65512,9,65526,0,2,706,93,59602,62874,858
374,940,16588,65511,10,65525,0,2,706,97,59604,62872,859
348,882,16458,65509,9,65525,0,2,706,90,59605,62873,860
342,942,16552,65512,8,65525,0,2,706,83,59604,62868,861
342,938,16476,65513,8,65524,0,2,706,74,59603,62867,862
390,974,16534,65512,9,65525,0,2,706,79,59610,62859,863
366,942,16590,65511,8,65525,0,2,706,78,59609,62861,864
366,946,16508,65513,10,65524,0,2,706,83,59611,62856,865
392,942,16528,65513,8,65525,0,2,706,89,59610,62860,866
318,930,16544,65511,9,65525,0,2,706,97,59603,62857,867
348,1010,16578,65512,9,65526,0,2,706,105,59603,62860,868
356,928,16556,65511,10,65525,0,2,706,99,59606,62857,869
350,984,16540,65511,9,65525,0,2,706,102,59607,62857,870
316,968,16556,65511,10,65525,0,2,706,103,59608,62854,871
320,940,16418,65512,10,65525,0,2,706,85,59602,62853,872
336,930,16452,65512,10,65524,0,2,706,75,59593,62859,873
326,968,16506,65510,10,65525,0,2,706,84,59597,62863,874
376,946,16464,65511,8,65524,0,2,706,83,59605,62877,875
320,982,16516,65512,8,65526,0,2,706,90,59610,62885,876
356,944,16580,65510,10,65525,0,2,706,104,59613,62889,877
366,954,16522,65512,8,65525,0,2,706,107,59619,62886,878
430,904,16542,65511,9,65525,0,2,706,99,59606,62877,879
376,930,16520,65511,9,65525,0,2,706,93,59597,62863,880
354,956,16510,65512,10,65525,0,2,706,86,59592,62859,881
412,902,16520,65512,11,65525,0,2,706,85,59597,62862,882
326,956,16580,65511,8,65525,0,2,706,95,59594,62867,883
386,944,16496,65513,9,65526,0,2,706,100,59612,62867,884
344,924,16442,65511,9,65525,0,2,706,111,59611,62868,885
356,910,16602,65513,10,65525,0,2,706,108,59617,62864,886
356,868,16544,65512,9,65524,0,2,706,106,59614,62860,887
316,986,16458,65513,9,65524,0,2,706,95,59611,62854,888
332,912,16548,65511,8,65525,0,2,706,98,59598,62859,889
344,926,16518,65512,9,65526,0,2,706,85,59599,62856,890
404,914,16522,65511,9,65526,0,2,706,81,59592,62862,891
332,966,16546,65512,8,65524,0,2,706,82,59590,62865,892
338,914,16606,65510,9,65525,0,2,706,81,59595,62864,893
346,942,16592,65513,9,65524,0,2,706,83,59597,62867,894
416,970,16530,65512,9,65525,0,2,706,90,59588,62878,895
308,880,16604,65512,8,65525,0,2,706,95,59587,62878,896
356,940,16476,65511,9,65525,0,2,706,94,59594,62873,897
390,910,16498,65512,9,65525,0,2,706,93,59588,62880,898
290,910,16514,65511,8,65527,0,2,706,82,59589,62887,899
310,962,16594,65511,9,65524,0,2,706,82,59600,62880,900
350,988,16512,65513,8,65525,0,2,706,88,59602,62874,901
364,894,16536,65510,8,65525,0,2,706,84,59591,62875,902
416,938,16496,65512,10,65525,0,2,706,82,59588,62872,903
378,892,16484,65510,10,65524,0,2,706,86,59595,62862,904
354,878,16466,65511,8,65525,0,2,706,87,59603,62874,905
354,936,16540,65511,9,65526,0,2,706,88,59600,62869,906
366,898,16436,65511,8,65525,0,2,706,95,59602,62868,907
362,932,16544,65510,8,65525,0,2,706,100,59600,62871,908
340,930,16602,65512,9,65525,0,2,706,99,59598,62876,909
416,928,16624,65513,9,65524,0,2,706,94,59584,62865,910
370,882,16536,65510,9,65525,0,2,706,89,59586,62878,911
342,908,16520,65510,8,65525,0,2,706,81,59587,62876,912
386,910,16576,65512,9,65527,0,2,706,77,59596,62870,913
332,906,16574,65512,9,65526,0,2,706,75,59590,62863,914
334,952,16484,65512,9,65526,0,2,706,78,59586,62864,915
356,894,16534,65510,9,65525,0,2,706,78,59589,62867,916
324,888,16510,65510,9,65525,0,2,706,77,59592,62874,917
344,934,16666,65511,9,65524,0,2,706,83,59588,62877,918
396,952,16608,65512,8,65525,0,2,706,90,59594,62880,919
410,914,16520,65512,9,65526,0,2,706,94,59605,62880,920
364,938,16558,65512,9,65524,0,2,706,98,59605,62872,921
328,892,16530,65510,8,65524,0,2,706,102,59606,62874,922
380,966,16562,65510,9,65525,0,2,706,99,59600,62870,923
386,886,16510,65511,8,65524,0,2,706,98,59600,62866,924
412,954,16468,65510,9,65525,0,2,706,92,59595,62873,925
392,914,16560,65512,10,65527,0,2,706,93,59596,62873,926
356,940,16482,65513,10,65524,0,2,706,96,59598,62869,927
340,978,16536,65511,9,65525,0,2,706,96,59611,62873,928
368,816,16542,65513,9,65524,0,2,706,96,59605,62874,929
356,994,16512,65511,9,65526,0,2,706,95,59607,62872,930
392,896,16514,65512,9,65527,0,2,706,88,59598,62876,931
360,924,16582,65512,10,65525,0,2,706,84,59597,62878,932
352,882,16472,65510,11,65524,0,2,706,80,59597,62874,933
420,872,16610,65511,8,65525,0,2,706,79,59601,62877,934
402,918,16518,65512,10,65524,0,2,706,74,59605,62869,935
344,964,16610,65511,9,65524,0,2,706,78,59614,62862,936
346,980,16456,65511,8,65525,0,2,706,82,59612,62852,937
354,882,16472,65510,10,65525,0,2,706,91,59606,62860,938
404,972,16584,65511,9,65526,0,2,706,91,59604,62859,939
402,1000,16570,65511,8,65526,0,2,706,100,59601,62856,940
348,890,16580,65511,8,65526,0,2,706,101,59603,62855,941
364,954,16600,65511,8,65525,0,2,706,101,59604,62855,942
374,952,16590,65511,10,65526,0,2,706,94,59613,62846,943
348,954,16504,65511,8,65525,0,2,706,96,59613,62846,944
350,994,16528,65512,9,65524,0,2,706,92,59606,62842,945
356,932,16556,65510,9,65525,0,2,706,93,59599,62841,946
368,942,16538,65511,10,65525,0,2,706,95,59602,62845,947
378,966,16410,65511,8,65525,0,2,706,105,59597,62838,948
314,890,16532,65513,10,65524,0,2,706,104,59597,62833,949
390,910,16486,65514,8,65525,0,2,706,110,59601,62843,950
394,950,16464,65511,9,65524,0,2,706,107,59602,62843,951
320,928,16586,65512,9,65525,0,2,706,105,59606,62845,952
368,986,16568,65513,10,65525,0,2,706,93,59601,62852,953
370,916,16538,65510,9,65524,0,2,706,94,59597,62853,954
330,952,16556,65510,10,65525,0,2,706,89,59608,62848,955
366,986,16562,65512,8,65525,0,2,706,94,59615,62854,956
400,916,16608,65511,9,65526,0,2,706,87,59615,62846,957
306,888,16588,65513,9,65525,0,2,706,95,59624,62847,958
414,922,16554,65513,9,65526,0,2,706,98,59625,62846,959
366,922,16568,65512,7,65525,0,2,706,97,59615,62844,960
292,936,16560,65511,8,65525,0,2,706,91,59614,62838,961
302,942,16546,65512,9,65525,0,2,706,99,59616,62844,962
362,922,16562,65511,8,65525,0,2,706,96,59613,62847,963
380,952,16616,65512,9,65525,0,2,706,93,59622,62846,964
360,958,16450,65513,10,65525,0,2,706,99,59628,62844,965
408,926,16566,65511,9,65524,0,2,706,103,59627,62847,966
380,914,16508,65511,9,65525,0,2,706,95,59634,62847,967
380,922,16476,65512,9,65526,0,2,706,98,59637,62843,968
346,914,16538,65512,8,65526,0,2,706,99,59635,62840,969
392,926,16498,65513,9,65523,0,2,706,84,59623,62834,970
368,942,16524,65512,8,65525,0,2,706,89,59615,62839,971
400,924,16564,65512,9,65525,0,2,706,89,59613,62846,972
396,982,16506,65511,8,65526,0,2,706,86,59612,62847,973
366,932,16496,65509,10,65524,0,2,706,78,59610,62852,974
370,982,16466,65511,10,65526,0,2,706,87,59624,62857,975
380,920,16484,65512,9,65525,0,2,706,83,59625,62850,976
362,884,16540,65512,9,65524,0,2,706,86,59617,62851,977
332,958,16418,65510,10,65524,0,2,706,91,59614,62845,978
402,902,16560,65511,10,65525,0,2,706,101,59612,62849,979
374,970,16646,65513,10,65525,0,2,706,97,59604,62852,980
340,880,16464,65511,8,65524,0,2,706,103,59607,62854,981
392,924,16530,65512,8,65525,0,2,706,97,59610,62841,982
362,934,16582,65513,8,65525,0,2,706,92,59606,62847,983
380,924,16482,65511,10,65524,0,2,706,88,59602,62841,984
352,970,16500,65511,9,65525,0,2,706,95,59604,62848,985
354,924,16426,65511,8,65524,0,2,706,94,59596,62848,986
290,950,16554,65512,10,65525,0,2,706,104,59601,62856,987
358,990,16518,65513,8,65526,0,2,706,104,59598,62858,988
346,894,16510,65512,9,65526,0,2,706,106,59602,62864,989
350,980,16542,65511,10,65525,0,2,706,103,59602,62861,990
384,916,16624,65511,9,65525,0,2,706,99,59619,62863,991
344,978,16606,65511,9,65526,0,2,706,93,59608,62865,992
368,908,16554,65511,10,65525,0,2,706,88,59615,62865,993
344,928,16594,65511,10,65525,0,2,706,85,59612,62865,994
370,958,16602,65511,10,65526,0,2,706,84,59613,62869,995
334,946,16632,65512,8,65526,0,2,706,77,59600,62873,996
346,900,16474,65511,10,65525,0,2,706,75,59601,62880,997
372,902,16422,65511,9,65525,0,2,706,73,59599,62877,998
332,902,16540,65510,8,65526,0,2,706,75,59598,62881,999
368,932,16522,65512,9,65525,0,2,706,78,59591,62882,1000
